ss000   26   84    6     1000      7297     8933      6950902     8472
ss001   26   84    3     1000      4571     8780     11349733    12915
ss002   26   84    6     1000      7716     9647      6677982     8098
ss003   26   84    2     1000      4073     9167      8547707    15889
ss004   26   84    4     1000      6071     8252      4610447     9453
ss005   26   84    7     1000      6009     7686      4379724     7911
ss006   26   84    2     1000      5467     9659      5181143    13852
ss007   26   84    2     1000      3870     8451      5124344    14954
ss008   26   84    6     1000      8781    10181      3422521     7962
ss009   26   84    2     1000      3708    10788     17411752    21387
ss010   26   84    7     1000      7254     8471      3765301     8298
ss011   26   84    4     1000      8331    10354      2720754     8355
ss012   26   84    6     1000      5850     8061      5839028     8598
ss013   26   84    5     1000      5766     8302      4314078     8606
ss014   26   84    8     1000      7804     9148      5277614     9487
ss015   26   84    6     1000      7209     8869      4534226     8701
ss016   26   84    4     1000      5412     7535      4529016     9138
ss017   26   84    7     1000      7298     9770      6019925    10009
ss018   26   84    6     1000      7881     9172      3442333     8406
ss019   26   84    7     1000      9135    10344      3980269     7293
ss020   26   84    6     1000      8631    10172      5390074     8441
ss021   26   84    6     1000      7281     8999      5285570     8492
ss022   26   84   10     1000     10499    12094      6566114     7777
ss023   26   84   10     1000      9629    11708      4486474     9012
ss024   26   84    7     1000      9559    11658      2802997     7976
ss025   26   84    5     1000      5616     7714      4524351     9216
ss026   26   84   11     1000      9370    10620      4895694     7327
ss027   26   84    8     1000      6738     9043      4253847     8836
ss028   26   84    9     1000      7971     9774      5380231     8426
ss029   26   84    8     1000      8439    10347      4470329     7176
ss030   26   84   10     1000     10006    11948      4074010     6949
ss031   26   84    8     1000      7997     9857      6412859    10144
ss032   26   84   13     1000     11618    12246      3067558     5549
ss033   26   84   12     1000      9724    11209      5313634     7010
ss034   26   84   11     1000      8704     9744      6257639     7830
ss035   26   84   10     1000      8514    10139      5509196     7872
ss036   26   84    9     1000      9096    10474      3525856     6484
ss037   26   84   11     1000     11170    12315      3876279     5864
ss038   26   84    9     1000     11940    13003      3331916     6530
ss039   26   84    7     1000      7446     8998      6877881     8318
ss040   26   84   12     1000     10337    11518      4037334     6911
ss041   26   84   15     1000     12640    13479      4514679     5737
ss042   26   84   12     1000     10274    11379      5063956     6938
ss043   26   84   10     1000      9196    10611      5015362     8569
ss044   26   84   11     1000      8765     9856      3938274     7419
ss045   26   84   11     1000      9552    10727      4756152     6110
ss046   26   84   15     1000     11240    12250      4676452     6703
ss047   26   84   14     1000     10806    11764      3567336     6256
ss048   26   84   11     1000      8522    10275      5342666     7641
ss049   26   84    9     1000     10520    11833      4505881     6594
ss050   26   84   14     1000      9833    11360      3627568     5754
ss051   26   84   17     1000     11779    12581      4633504     5806
ss052   26   84   16     1000     10981    12200      4221025     6240
ss053   26   84   15     1000     10627    11547      3910271     5951
ss054   26   84   12     1000      9478    11005      5291826     7471
ss055   26   84   13     1000     10602    12302      5009278     7781
ss056   26   84   15     1000     12300    13144      6368602     6641
ss057   26   84   14     1000     10547    11822      6915337     6983
ss058   26   84   13     1000     10689    11865      5075422     6958
ss059   26   84   11     1000      9862    11097      5377891     6274
ss060   26   84   19     1000     12057    13067      4378944     6399
ss061   26   84   13     1000     12669    13325      4648746     5722
ss062   26   84   15     1000     11658    12957      5565373     6735
ss063   26   84   14     1000     11642    12336      3307268     5222
ss064   26   84   18     1000     14011    14708      3503704     5461
ss065   26   84   17     1000     13026    14334      4291130     5813
ss066   26   84   19     1000     13821    14430      5245899     5909
ss067   26   84   14     1000     10407    11448      5639956     6203
ss068   26   84   18     1000     12299    12904      2900014     5100
ss069   26   84   13     1000     11347    12103      4177079     5955
