0.00012234 	8173.00000000 	4362.00 	8173.00 	0.54 	 336500.00	60.78	61.05	338140.00	ff000_00.txt
0.00012173 	8214.00000000 	4362.00 	8214.00 	0.55 	 346776.00	60.93	61.37	350058.00	ff000_01.txt
0.00012102 	8262.00000000 	4362.00 	8262.00 	0.50 	 326648.00	59.45	60.47	332199.00	ff000_02.txt
0.00012185 	8206.00000000 	4362.00 	8206.00 	0.60 	 328776.00	60.54	60.60	328782.00	ff000_03.txt
0.00012152 	8228.00000000 	4362.00 	8228.00 	0.56 	 325401.00	59.84	60.34	328678.00	ff000_04.txt
0.00015485 	6457.00000000 	3878.00 	6457.00 	0.57 	 309226.00	60.42	60.65	310857.00	ff001_00.txt
0.00015430 	6480.00000000 	3878.00 	6480.00 	0.55 	 309231.00	60.25	60.52	310876.00	ff001_01.txt
0.00015253 	6555.00000000 	3878.00 	6555.00 	0.56 	 300829.00	59.73	60.33	304135.00	ff001_02.txt
0.00015406 	6490.00000000 	3878.00 	6490.00 	0.35 	 302815.00	59.63	60.50	307410.00	ff001_03.txt
0.00015468 	6464.00000000 	3878.00 	6464.00 	0.55 	 311695.00	60.48	60.73	313316.00	ff001_04.txt
0.00015475 	6461.00000000 	4551.00 	6461.00 	0.49 	 282550.00	59.73	60.40	285967.00	ff002_00.txt
0.00015477 	6460.00000000 	4551.00 	6460.00 	0.48 	 285810.00	59.48	60.36	289889.00	ff002_01.txt
0.00015533 	6437.00000000 	4551.00 	6437.00 	0.44 	 292509.00	60.72	61.57	297417.00	ff002_02.txt
0.00015518 	6443.00000000 	4551.00 	6443.00 	0.56 	 291041.00	60.38	60.65	292672.00	ff002_03.txt
0.00015456 	6469.00000000 	4551.00 	6469.00 	0.51 	 295046.00	60.12	60.13	295046.00	ff002_04.txt
0.00010969 	9116.00000000 	6959.00 	9116.00 	0.59 	 272540.00	60.10	60.11	272540.00	ff003_00.txt
0.00010987 	9101.00000000 	6959.00 	9101.00 	0.61 	 274526.00	60.57	60.58	274526.00	ff003_01.txt
0.00010966 	9118.00000000 	6959.00 	9118.00 	0.50 	 272873.00	61.19	61.20	272873.00	ff003_02.txt
0.00010979 	9107.00000000 	6959.00 	9107.00 	0.46 	 270147.00	60.23	61.21	275050.00	ff003_03.txt
0.00010976 	9110.00000000 	6959.00 	9110.00 	0.46 	 275447.00	60.53	60.88	277087.00	ff003_04.txt
0.00013908 	7189.00000000 	4359.00 	7189.00 	0.59 	 321619.00	60.65	61.17	324908.00	ff004_00.txt
0.00013928 	7179.00000000 	4359.00 	7179.00 	0.52 	 314761.00	60.12	60.78	318017.00	ff004_01.txt
0.00013928 	7179.00000000 	4359.00 	7179.00 	0.56 	 317179.00	59.88	60.18	318812.00	ff004_02.txt
0.00013933 	7176.00000000 	4359.00 	7176.00 	0.61 	 316983.00	59.27	60.13	321869.00	ff004_03.txt
0.00013922 	7182.00000000 	4359.00 	7182.00 	0.55 	 311750.00	60.25	60.28	311753.00	ff004_04.txt
0.00012427 	8046.00000000 	6338.00 	8046.00 	0.54 	 249048.00	59.70	60.53	252327.00	ff005_00.txt
0.00012425 	8047.00000000 	6338.00 	8047.00 	0.55 	 254943.00	60.28	60.28	254943.00	ff005_01.txt
0.00012418 	8052.00000000 	6338.00 	8052.00 	0.54 	 250091.00	60.17	60.88	252637.00	ff005_02.txt
0.00012421 	8050.00000000 	6338.00 	8050.00 	0.59 	 249606.00	59.87	60.66	252884.00	ff005_03.txt
0.00012438 	8039.00000000 	6338.00 	8039.00 	0.55 	 255664.00	60.04	60.38	257293.00	ff005_04.txt
0.00013394 	7465.00000000 	5312.00 	7465.00 	0.55 	 282820.00	59.41	60.24	287221.00	ff006_00.txt
0.00013390 	7467.00000000 	5312.00 	7467.00 	0.55 	 283540.00	60.03	60.36	285183.00	ff006_01.txt
0.00013394 	7465.00000000 	5312.00 	7465.00 	0.49 	 285279.00	60.31	60.31	285279.00	ff006_02.txt
0.00013401 	7461.00000000 	5312.00 	7461.00 	0.51 	 286143.00	60.61	60.86	287771.00	ff006_03.txt
0.00013376 	7475.00000000 	5312.00 	7475.00 	0.54 	 298039.00	61.00	61.32	299694.00	ff006_04.txt
0.00012473 	8016.00000000 	5201.00 	8016.00 	0.54 	 271981.00	59.37	60.08	274988.00	ff007_00.txt
0.00012472 	8017.00000000 	5201.00 	8017.00 	0.50 	 268062.00	59.94	60.32	269701.00	ff007_01.txt
0.00012460 	8025.00000000 	5201.00 	8025.00 	0.59 	 267445.00	59.49	60.41	272313.00	ff007_02.txt
0.00012449 	8032.00000000 	5201.00 	8032.00 	0.54 	 268255.00	60.16	61.18	272613.00	ff007_03.txt
0.00012494 	8003.00000000 	5201.00 	8003.00 	0.45 	 269086.00	59.67	60.69	273478.00	ff007_04.txt
0.00010106 	9894.00000000 	4860.00 	9894.00 	0.65 	 350408.00	61.30	61.53	352047.00	ff008_00.txt
0.00010350 	9661.00000000 	4860.00 	9661.00 	0.62 	 359062.00	60.56	60.56	359062.00	ff008_01.txt
0.00010110 	9890.00000000 	4860.00 	9890.00 	0.51 	 350709.00	60.59	60.60	350709.00	ff008_02.txt
0.00010079 	9921.00000000 	4860.00 	9921.00 	0.49 	 347554.00	61.67	61.68	347554.00	ff008_03.txt
0.00010055 	9944.00000000 	4860.00 	9944.00 	0.43 	 346315.00	60.64	61.12	349570.00	ff008_04.txt
0.00011942 	8373.00000000 	5118.00 	8373.00 	0.51 	 283948.00	59.63	60.45	287643.00	ff009_00.txt
0.00011966 	8356.00000000 	5118.00 	8356.00 	0.52 	 284870.00	60.58	60.59	284870.00	ff009_01.txt
0.00011891 	8409.00000000 	5118.00 	8409.00 	0.52 	 286467.00	60.23	60.23	286467.00	ff009_02.txt
0.00011945 	8371.00000000 	5118.00 	8371.00 	0.52 	 277715.00	59.93	60.65	281204.00	ff009_03.txt
0.00011957 	8362.00000000 	5118.00 	8362.00 	0.54 	 289633.00	61.34	61.35	289633.00	ff009_04.txt
0.00010241 	9764.00000000 	8354.00 	9764.00 	0.52 	 274393.00	60.22	60.23	274393.00	ff010_00.txt
0.00010247 	9758.00000000 	8354.00 	9758.00 	0.59 	 270983.00	60.65	61.02	272622.00	ff010_01.txt
0.00010242 	9763.00000000 	8354.00 	9763.00 	0.55 	 276094.00	61.06	61.07	276094.00	ff010_02.txt
0.00010221 	9783.00000000 	8354.00 	9783.00 	0.60 	 267918.00	60.14	60.15	267918.00	ff010_03.txt
0.00010231 	9773.00000000 	8354.00 	9773.00 	0.54 	 271108.00	60.61	60.62	271108.00	ff010_04.txt
0.00011292 	8855.00000000 	6897.00 	8855.00 	0.45 	 270470.00	60.05	60.08	270473.00	ff011_00.txt
0.00011296 	8852.00000000 	6897.00 	8852.00 	0.56 	 272098.00	61.41	61.41	272098.00	ff011_01.txt
0.00011271 	8871.00000000 	6897.00 	8871.00 	0.51 	 268320.00	60.54	60.54	268320.00	ff011_02.txt
0.00011285 	8860.00000000 	6897.00 	8860.00 	0.55 	 269696.00	60.05	60.05	269696.00	ff011_03.txt
0.00011292 	8855.00000000 	6897.00 	8855.00 	0.62 	 276973.00	60.94	60.95	276973.00	ff011_04.txt
0.00011330 	8825.00000000 	7800.00 	8825.00 	0.56 	 243055.00	60.39	60.74	244683.00	ff012_00.txt
0.00011326 	8828.00000000 	7800.00 	8828.00 	0.51 	 245354.00	60.47	60.48	245354.00	ff012_01.txt
0.00011330 	8825.00000000 	7800.00 	8825.00 	0.52 	 247065.00	60.61	61.00	248683.00	ff012_02.txt
0.00011307 	8843.00000000 	7800.00 	8843.00 	0.62 	 245032.00	61.05	61.05	245032.00	ff012_03.txt
0.00011303 	8846.00000000 	7800.00 	8846.00 	0.45 	 242640.00	60.10	60.37	243560.00	ff012_04.txt
0.00011590 	8627.00000000 	6935.00 	8627.00 	0.55 	 270529.00	60.22	61.01	273788.00	ff013_00.txt
0.00011581 	8634.00000000 	6935.00 	8634.00 	0.57 	 271121.00	60.94	60.94	271121.00	ff013_01.txt
0.00011596 	8623.00000000 	6935.00 	8623.00 	0.68 	 268863.00	60.44	60.44	268863.00	ff013_02.txt
0.00011581 	8634.00000000 	6935.00 	8634.00 	0.56 	 270416.00	59.95	60.58	273672.00	ff013_03.txt
0.00011578 	8636.00000000 	6935.00 	8636.00 	0.52 	 265654.00	59.83	60.49	268927.00	ff013_04.txt
0.00012987 	7699.00000000 	4899.00 	7699.00 	0.51 	 277748.00	60.54	60.54	277748.00	ff014_00.txt
0.00013024 	7677.00000000 	4899.00 	7677.00 	0.59 	 275820.00	59.87	60.16	277430.00	ff014_01.txt
0.00012997 	7693.00000000 	4899.00 	7693.00 	0.65 	 272036.00	59.41	60.06	275296.00	ff014_02.txt
0.00013011 	7685.00000000 	4899.00 	7685.00 	0.54 	 274201.00	60.25	60.58	275832.00	ff014_03.txt
0.00013004 	7689.00000000 	4899.00 	7689.00 	0.51 	 282892.00	61.25	61.26	282892.00	ff014_04.txt
0.00011840 	8445.00000000 	7243.00 	8445.00 	0.62 	 243632.00	59.80	60.17	245263.00	ff015_00.txt
0.00011854 	8435.00000000 	7243.00 	8435.00 	0.50 	 242576.00	60.03	61.16	247075.00	ff015_01.txt
0.00011865 	8427.00000000 	7243.00 	8427.00 	0.38 	 251057.00	60.39	61.06	254328.00	ff015_02.txt
0.00011862 	8429.00000000 	7243.00 	8429.00 	0.43 	 245617.00	60.61	60.97	247252.00	ff015_03.txt
0.00011865 	8427.00000000 	7243.00 	8427.00 	0.52 	 254675.00	61.34	61.34	254675.00	ff015_04.txt
0.00014008 	7138.00000000 	5639.00 	7138.00 	0.56 	 260048.00	59.77	60.68	263498.00	ff016_00.txt
0.00013994 	7145.00000000 	5639.00 	7145.00 	0.52 	 253438.00	59.59	60.61	257603.00	ff016_01.txt
0.00013986 	7149.00000000 	5639.00 	7149.00 	0.54 	 256587.00	60.01	60.02	256587.00	ff016_02.txt
0.00013994 	7145.00000000 	5639.00 	7145.00 	0.49 	 260659.00	60.72	61.11	262277.00	ff016_03.txt
0.00013998 	7143.00000000 	5639.00 	7143.00 	0.55 	 259642.00	59.97	60.63	262164.00	ff016_04.txt
0.00009286 	10768.00000000 	8880.00 	10768.00 	0.55 	 266601.00	60.42	60.42	266601.00	ff017_00.txt
0.00009289 	10765.00000000 	8880.00 	10765.00 	0.55 	 263590.00	59.97	60.36	265249.00	ff017_01.txt
0.00009295 	10757.00000000 	8880.00 	10757.00 	0.52 	 260883.00	59.64	60.01	262489.00	ff017_02.txt
0.00009295 	10757.00000000 	8880.00 	10757.00 	0.57 	 265014.00	59.98	60.40	266627.00	ff017_03.txt
0.00009284 	10770.00000000 	8880.00 	10770.00 	0.56 	 264050.00	60.01	60.02	264050.00	ff017_04.txt
0.00016258 	6150.00000000 	3267.00 	6150.00 	0.46 	 308367.00	59.09	60.08	313676.00	ff018_00.txt
0.00016324 	6125.00000000 	3267.00 	6125.00 	0.52 	 319046.00	60.01	60.04	319049.00	ff018_01.txt
0.00016292 	6137.00000000 	3267.00 	6137.00 	0.59 	 329542.00	60.92	61.20	331174.00	ff018_02.txt
0.00016276 	6143.00000000 	3267.00 	6143.00 	0.54 	 322839.00	60.42	60.68	324474.00	ff018_03.txt
0.00016244 	6155.00000000 	3267.00 	6155.00 	0.50 	 320061.00	59.46	60.46	326586.00	ff018_04.txt
0.00012225 	8179.00000000 	6425.00 	8179.00 	0.57 	 257757.00	59.80	60.16	259385.00	ff019_00.txt
0.00012226 	8178.00000000 	6425.00 	8178.00 	0.55 	 258763.00	59.99	60.77	262030.00	ff019_01.txt
0.00012206 	8192.00000000 	6425.00 	8192.00 	0.61 	 263940.00	61.09	61.09	263940.00	ff019_02.txt
0.00012247 	8164.00000000 	6425.00 	8164.00 	0.66 	 257256.00	59.94	61.03	261334.00	ff019_03.txt
0.00012225 	8179.00000000 	6425.00 	8179.00 	0.46 	 260084.00	60.76	60.76	260084.00	ff019_04.txt
0.00011719 	8532.00000000 	7166.00 	8532.00 	0.50 	 250073.00	59.82	60.50	253333.00	ff020_00.txt
0.00011741 	8516.00000000 	7166.00 	8516.00 	0.44 	 252129.00	60.01	60.67	254625.00	ff020_01.txt
0.00011745 	8513.00000000 	7166.00 	8513.00 	0.50 	 254758.00	60.75	61.19	256367.00	ff020_02.txt
0.00011727 	8526.00000000 	7166.00 	8526.00 	0.51 	 249043.00	59.28	60.06	252305.00	ff020_03.txt
0.00011715 	8535.00000000 	7166.00 	8535.00 	0.50 	 253695.00	60.85	60.85	253695.00	ff020_04.txt
0.00011122 	8990.00000000 	7234.00 	8990.00 	0.56 	 245268.00	60.77	61.13	246900.00	ff021_00.txt
0.00011111 	8999.00000000 	7234.00 	8999.00 	0.57 	 243907.00	60.35	60.78	245527.00	ff021_01.txt
0.00011116 	8995.00000000 	7234.00 	8995.00 	0.56 	 247462.00	59.97	60.36	249087.00	ff021_02.txt
0.00011105 	9004.00000000 	7234.00 	9004.00 	0.54 	 247906.00	60.71	61.12	249551.00	ff021_03.txt
0.00011112 	8998.00000000 	7234.00 	8998.00 	0.46 	 245535.00	60.04	60.05	245535.00	ff021_04.txt
0.00011555 	8653.00000000 	7073.00 	8653.00 	0.49 	 251940.00	60.41	60.83	253581.00	ff022_00.txt
0.00011545 	8661.00000000 	7073.00 	8661.00 	0.56 	 255066.00	61.11	61.11	255066.00	ff022_01.txt
0.00011565 	8646.00000000 	7073.00 	8646.00 	0.56 	 254383.00	60.24	60.24	254383.00	ff022_02.txt
0.00011523 	8677.00000000 	7073.00 	8677.00 	0.49 	 251074.00	60.32	60.32	251074.00	ff022_03.txt
0.00011533 	8670.00000000 	7073.00 	8670.00 	0.59 	 250816.00	60.08	60.47	252449.00	ff022_04.txt
0.00013270 	7535.00000000 	5377.00 	7535.00 	0.52 	 256194.00	60.34	60.34	256194.00	ff023_00.txt
0.00013271 	7534.00000000 	5377.00 	7534.00 	0.52 	 257311.00	60.95	60.95	257311.00	ff023_01.txt
0.00013270 	7535.00000000 	5377.00 	7535.00 	0.50 	 254556.00	59.74	60.48	257810.00	ff023_02.txt
0.00013264 	7538.00000000 	5377.00 	7538.00 	0.60 	 250431.00	59.01	60.10	255310.00	ff023_03.txt
0.00013261 	7540.00000000 	5377.00 	7540.00 	0.51 	 254621.00	60.07	60.89	257878.00	ff023_04.txt
0.00010643 	9395.00000000 	7086.00 	9395.00 	0.55 	 258539.00	60.18	60.18	258539.00	ff024_00.txt
0.00010643 	9395.00000000 	7086.00 	9395.00 	0.51 	 260212.00	60.19	61.08	263462.00	ff024_01.txt
0.00010617 	9418.00000000 	7086.00 	9418.00 	0.56 	 253899.00	59.20	60.08	257143.00	ff024_02.txt
0.00010630 	9406.00000000 	7086.00 	9406.00 	0.43 	 260723.00	60.40	60.40	260723.00	ff024_03.txt
0.00010633 	9404.00000000 	7086.00 	9404.00 	0.57 	 258097.00	60.21	60.22	258097.00	ff024_04.txt
0.00011257 	8882.00000000 	7458.00 	8882.00 	0.48 	 234514.00	60.52	60.53	234514.00	ff025_00.txt
0.00011221 	8911.00000000 	7458.00 	8911.00 	0.54 	 233851.00	60.79	60.79	233851.00	ff025_01.txt
0.00011240 	8896.00000000 	7458.00 	8896.00 	0.52 	 236608.00	60.05	60.06	236608.00	ff025_02.txt
0.00011238 	8897.00000000 	7458.00 	8897.00 	0.59 	 234502.00	60.28	60.28	234502.00	ff025_03.txt
0.00011244 	8893.00000000 	7458.00 	8893.00 	0.57 	 233008.00	60.26	60.62	234640.00	ff025_04.txt
0.00009471 	10558.00000000 	9139.00 	10558.00 	0.48 	 260421.00	61.12	61.13	260421.00	ff026_00.txt
0.00009453 	10578.00000000 	9139.00 	10578.00 	0.50 	 255836.00	60.38	60.75	257452.00	ff026_01.txt
0.00009458 	10572.00000000 	9139.00 	10572.00 	0.48 	 252486.00	60.08	60.09	252486.00	ff026_02.txt
0.00009466 	10563.00000000 	9139.00 	10563.00 	0.48 	 251581.00	60.07	60.44	253218.00	ff026_03.txt
0.00009480 	10548.00000000 	9139.00 	10548.00 	0.50 	 254113.00	60.25	60.28	254116.00	ff026_04.txt
0.00009945 	10054.00000000 	7664.00 	10054.00 	0.56 	 258958.00	60.58	60.59	258958.00	ff027_00.txt
0.00009951 	10048.00000000 	7664.00 	10048.00 	0.49 	 259580.00	60.37	60.40	259583.00	ff027_01.txt
0.00009951 	10048.00000000 	7664.00 	10048.00 	0.48 	 253033.00	59.69	60.08	254660.00	ff027_02.txt
0.00009918 	10082.00000000 	7664.00 	10082.00 	0.63 	 259658.00	60.79	60.79	259658.00	ff027_03.txt
0.00009909 	10091.00000000 	7664.00 	10091.00 	0.52 	 257195.00	60.17	60.60	258826.00	ff027_04.txt
0.00011860 	8431.00000000 	6014.00 	8431.00 	0.57 	 247456.00	60.13	60.56	249093.00	ff028_00.txt
0.00011855 	8434.00000000 	6014.00 	8434.00 	0.51 	 243846.00	60.60	60.60	243846.00	ff028_01.txt
0.00011861 	8430.00000000 	6014.00 	8430.00 	0.57 	 240400.00	60.11	60.11	240400.00	ff028_02.txt
0.00011832 	8451.00000000 	6014.00 	8451.00 	0.51 	 249925.00	61.09	61.09	249925.00	ff028_03.txt
0.00011865 	8427.00000000 	6014.00 	8427.00 	0.52 	 242939.00	60.32	60.33	242939.00	ff028_04.txt
0.00012520 	7986.00000000 	5339.00 	7986.00 	0.45 	 280800.00	60.47	60.81	282412.00	ff029_00.txt
0.00012541 	7973.00000000 	5339.00 	7973.00 	0.63 	 274016.00	60.20	60.82	277267.00	ff029_01.txt
0.00012516 	7989.00000000 	5339.00 	7989.00 	0.51 	 269338.00	60.07	60.07	269338.00	ff029_02.txt
0.00012544 	7971.00000000 	5339.00 	7971.00 	0.59 	 277120.00	59.83	60.62	280383.00	ff029_03.txt
0.00012525 	7983.00000000 	5339.00 	7983.00 	0.54 	 277469.00	61.05	61.05	277469.00	ff029_04.txt
0.00012724 	7858.00000000 	6601.00 	7858.00 	0.45 	 260779.00	60.25	61.27	265090.00	ff030_00.txt
0.00012719 	7861.00000000 	6601.00 	7861.00 	0.59 	 250891.00	58.79	60.23	256920.00	ff030_01.txt
0.00012737 	7850.00000000 	6601.00 	7850.00 	0.43 	 257756.00	59.70	60.42	260544.00	ff030_02.txt
0.00012726 	7857.00000000 	6601.00 	7857.00 	0.51 	 258027.00	59.16	60.29	262873.00	ff030_03.txt
0.00012739 	7849.00000000 	6601.00 	7849.00 	0.52 	 261838.00	59.62	60.60	266741.00	ff030_04.txt
0.00008877 	11264.00000000 	9879.00 	11264.00 	0.56 	 252704.00	60.54	60.54	252704.00	ff031_00.txt
0.00008880 	11260.00000000 	9879.00 	11260.00 	0.46 	 254319.00	60.78	60.78	254319.00	ff031_01.txt
0.00008879 	11261.00000000 	9879.00 	11261.00 	0.48 	 251992.00	59.86	60.27	253593.00	ff031_02.txt
0.00008896 	11240.00000000 	9879.00 	11240.00 	0.59 	 254368.00	60.82	60.83	254368.00	ff031_03.txt
0.00008881 	11259.00000000 	9879.00 	11259.00 	0.57 	 254226.00	60.28	60.66	255850.00	ff031_04.txt
0.00010072 	9928.00000000 	8490.00 	9928.00 	0.52 	 247707.00	60.40	60.79	249318.00	ff032_00.txt
0.00010066 	9933.00000000 	8490.00 	9933.00 	0.52 	 248316.00	60.05	60.42	249844.00	ff032_01.txt
0.00010069 	9930.00000000 	8490.00 	9930.00 	0.54 	 248117.00	60.31	60.67	249738.00	ff032_02.txt
0.00010066 	9933.00000000 	8490.00 	9933.00 	0.65 	 251116.00	60.66	60.66	251116.00	ff032_03.txt
0.00010087 	9913.00000000 	8490.00 	9913.00 	0.44 	 250526.00	60.83	60.83	250526.00	ff032_04.txt
0.00011658 	8577.00000000 	7065.00 	8577.00 	0.51 	 249367.00	60.27	60.68	250989.00	ff033_00.txt
0.00011666 	8571.00000000 	7065.00 	8571.00 	0.46 	 253189.00	61.14	61.15	253189.00	ff033_01.txt
0.00011682 	8559.00000000 	7065.00 	8559.00 	0.54 	 250928.00	59.99	60.40	252545.00	ff033_02.txt
0.00011655 	8579.00000000 	7065.00 	8579.00 	0.48 	 246780.00	60.89	60.89	246780.00	ff033_03.txt
0.00011663 	8573.00000000 	7065.00 	8573.00 	0.50 	 250191.00	60.71	60.71	250191.00	ff033_04.txt
0.00010396 	9618.00000000 	8503.00 	9618.00 	0.51 	 262753.00	60.08	60.09	262753.00	ff034_00.txt
0.00010390 	9624.00000000 	8503.00 	9624.00 	0.45 	 266376.00	60.43	60.43	266376.00	ff034_01.txt
0.00010387 	9626.00000000 	8503.00 	9626.00 	0.57 	 269159.00	60.11	60.11	269159.00	ff034_02.txt
0.00010395 	9619.00000000 	8503.00 	9619.00 	0.49 	 268299.00	60.25	60.25	268299.00	ff034_03.txt
0.00010398 	9616.00000000 	8503.00 	9616.00 	0.49 	 263297.00	60.45	60.46	263297.00	ff034_04.txt
0.00012105 	8260.00000000 	6700.00 	8260.00 	0.50 	 253346.00	60.33	60.36	253349.00	ff035_00.txt
0.00012142 	8235.00000000 	6700.00 	8235.00 	0.56 	 253321.00	60.37	60.76	254796.00	ff035_01.txt
0.00012124 	8247.00000000 	6700.00 	8247.00 	0.45 	 253028.00	59.76	60.02	253956.00	ff035_02.txt
0.00012142 	8235.00000000 	6700.00 	8235.00 	0.54 	 255448.00	60.13	60.75	257830.00	ff035_03.txt
0.00012148 	8231.00000000 	6700.00 	8231.00 	0.60 	 253051.00	59.88	60.23	254673.00	ff035_04.txt
0.00010827 	9235.00000000 	7944.00 	9235.00 	0.55 	 253787.00	60.30	60.30	253787.00	ff036_00.txt
0.00010820 	9241.00000000 	7944.00 	9241.00 	0.45 	 250850.00	60.15	60.56	252480.00	ff036_01.txt
0.00010834 	9229.00000000 	7944.00 	9229.00 	0.55 	 257258.00	60.94	60.95	257258.00	ff036_02.txt
0.00010825 	9237.00000000 	7944.00 	9237.00 	0.48 	 249903.00	60.60	61.00	251535.00	ff036_03.txt
0.00010819 	9242.00000000 	7944.00 	9242.00 	0.56 	 257884.00	60.54	60.54	257884.00	ff036_04.txt
0.00008953 	11168.00000000 	10330.00 	11168.00 	0.55 	 264349.00	60.42	60.42	264349.00	ff037_00.txt
0.00008975 	11141.00000000 	10330.00 	11141.00 	0.52 	 268933.00	60.78	60.78	268933.00	ff037_01.txt
0.00008961 	11159.00000000 	10330.00 	11159.00 	0.44 	 268147.00	60.49	60.49	268147.00	ff037_02.txt
0.00008970 	11147.00000000 	10330.00 	11147.00 	0.49 	 269781.00	60.48	60.48	269781.00	ff037_03.txt
0.00008961 	11158.00000000 	10330.00 	11158.00 	0.50 	 268609.00	60.25	60.26	268609.00	ff037_04.txt
0.00009717 	10290.00000000 	8942.00 	10290.00 	0.44 	 254353.00	60.84	60.84	254353.00	ff038_00.txt
0.00009718 	10289.00000000 	8942.00 	10289.00 	0.50 	 253625.00	60.16	60.58	255236.00	ff038_01.txt
0.00009717 	10290.00000000 	8942.00 	10290.00 	0.49 	 256822.00	60.27	60.27	256822.00	ff038_02.txt
0.00009737 	10269.00000000 	8942.00 	10269.00 	0.49 	 258162.00	60.18	60.95	261418.00	ff038_03.txt
0.00009739 	10267.00000000 	8942.00 	10267.00 	0.44 	 250527.00	60.21	60.58	252161.00	ff038_04.txt
0.00011256 	8883.00000000 	7763.00 	8883.00 	0.54 	 257783.00	60.62	60.63	257783.00	ff039_00.txt
0.00011230 	8904.00000000 	7763.00 	8904.00 	0.55 	 260732.00	60.55	60.56	260732.00	ff039_01.txt
0.00011257 	8882.00000000 	7763.00 	8882.00 	0.51 	 257232.00	60.98	60.98	257232.00	ff039_02.txt
0.00011255 	8884.00000000 	7763.00 	8884.00 	0.50 	 251754.00	59.25	60.05	254985.00	ff039_03.txt
0.00011254 	8885.00000000 	7763.00 	8885.00 	0.52 	 258123.00	60.62	61.38	261403.00	ff039_04.txt
0.00011665 	8572.00000000 	7461.00 	8572.00 	0.52 	 250646.00	60.07	60.08	250646.00	ff040_00.txt
0.00011637 	8592.00000000 	7501.00 	8592.00 	0.60 	 249788.00	60.25	60.26	249788.00	ff040_01.txt
0.00011658 	8577.00000000 	7461.00 	8577.00 	0.56 	 252055.00	60.25	60.26	252055.00	ff040_02.txt
0.00011631 	8597.00000000 	7461.00 	8597.00 	0.51 	 253511.00	60.24	60.60	255119.00	ff040_03.txt
0.00011669 	8569.00000000 	7501.00 	8569.00 	0.56 	 251113.00	60.25	60.70	252753.00	ff040_04.txt
0.00011966 	8356.00000000 	7208.00 	8356.00 	0.46 	 255852.00	60.18	60.19	255852.00	ff041_00.txt
0.00011950 	8367.00000000 	7208.00 	8367.00 	0.48 	 252438.00	60.30	60.71	254019.00	ff041_01.txt
0.00011942 	8373.00000000 	7208.00 	8373.00 	0.49 	 257787.00	60.26	60.27	257787.00	ff041_02.txt
0.00011972 	8352.00000000 	7208.00 	8352.00 	0.57 	 258422.00	60.47	60.48	258422.00	ff041_03.txt
0.00011942 	8373.00000000 	7208.00 	8373.00 	0.49 	 254608.00	60.27	60.63	256202.00	ff041_04.txt
0.00008651 	11558.00000000 	10473.00 	11558.00 	0.49 	 268110.00	60.51	60.51	268110.00	ff042_00.txt
0.00008642 	11571.00000000 	10473.00 	11571.00 	0.55 	 265669.00	60.42	60.43	265669.00	ff042_01.txt
0.00008662 	11544.00000000 	10473.00 	11544.00 	0.52 	 267390.00	60.36	60.36	267390.00	ff042_02.txt
0.00008658 	11549.00000000 	10473.00 	11549.00 	0.57 	 268626.00	60.10	60.10	268626.00	ff042_03.txt
0.00008668 	11536.00000000 	10473.00 	11536.00 	0.55 	 264902.00	60.11	60.14	264905.00	ff042_04.txt
0.00009355 	10688.00000000 	9681.00 	10688.00 	0.48 	 264906.00	61.11	61.11	264906.00	ff043_00.txt
0.00009367 	10675.00000000 	9681.00 	10675.00 	0.54 	 259803.00	60.00	60.01	259803.00	ff043_01.txt
0.00009410 	10626.00000000 	9681.00 	10626.00 	0.49 	 267258.00	60.51	60.51	267258.00	ff043_02.txt
0.00009365 	10677.00000000 	9681.00 	10677.00 	0.54 	 261951.00	60.52	60.53	261951.00	ff043_03.txt
0.00009348 	10697.00000000 	9681.00 	10697.00 	0.55 	 258152.00	60.24	60.24	258152.00	ff043_04.txt
0.00010669 	9372.00000000 	7785.00 	9372.00 	0.52 	 253521.00	60.54	60.55	253521.00	ff044_00.txt
0.00010666 	9375.00000000 	7785.00 	9375.00 	0.43 	 248584.00	59.83	60.18	250231.00	ff044_01.txt
0.00010676 	9366.00000000 	7785.00 	9366.00 	0.57 	 249983.00	60.03	60.03	249983.00	ff044_02.txt
0.00010664 	9376.00000000 	7785.00 	9376.00 	0.46 	 252884.00	60.56	60.56	252884.00	ff044_03.txt
0.00010656 	9383.00000000 	7785.00 	9383.00 	0.52 	 254463.00	60.69	61.14	256086.00	ff044_04.txt
0.00010326 	9683.00000000 	8654.00 	9683.00 	0.55 	 254554.00	60.53	60.53	254554.00	ff045_00.txt
0.00010343 	9667.00000000 	8654.00 	9667.00 	0.49 	 254178.00	60.13	60.53	255690.00	ff045_01.txt
0.00010328 	9681.00000000 	8654.00 	9681.00 	0.56 	 258165.00	60.93	60.93	258165.00	ff045_02.txt
0.00010316 	9693.00000000 	8660.00 	9693.00 	0.56 	 253472.00	60.31	60.32	253472.00	ff045_03.txt
0.00010354 	9657.00000000 	8654.00 	9657.00 	0.57 	 256832.00	60.29	60.29	256832.00	ff045_04.txt
0.00008793 	11372.00000000 	9990.00 	11372.00 	0.50 	 253357.00	60.67	60.68	253357.00	ff046_00.txt
0.00008780 	11388.00000000 	9990.00 	11388.00 	0.57 	 255934.00	60.23	60.23	255934.00	ff046_01.txt
0.00008767 	11406.00000000 	9990.00 	11406.00 	0.52 	 256781.00	60.18	60.56	258391.00	ff046_02.txt
0.00008785 	11382.00000000 	9990.00 	11382.00 	0.50 	 251744.00	60.15	60.57	253339.00	ff046_03.txt
0.00008794 	11370.00000000 	9990.00 	11370.00 	0.46 	 255140.00	60.43	60.43	255140.00	ff046_04.txt
0.00009188 	10883.00000000 	10068.00 	10883.00 	0.54 	 263341.00	60.57	60.58	263341.00	ff047_00.txt
0.00009173 	10901.00000000 	10068.00 	10901.00 	0.57 	 254683.00	59.60	60.02	256326.00	ff047_01.txt
0.00009214 	10852.00000000 	10068.00 	10852.00 	0.54 	 257118.00	60.54	60.55	257118.00	ff047_02.txt
0.00009162 	10914.00000000 	10068.00 	10914.00 	0.51 	 261141.00	60.07	60.10	261144.00	ff047_03.txt
0.00009194 	10876.00000000 	10068.00 	10876.00 	0.46 	 261239.00	60.52	60.53	261239.00	ff047_04.txt
0.00008074 	12384.00000000 	11713.00 	12384.00 	0.48 	 263298.00	60.16	60.17	263298.00	ff048_00.txt
0.00008070 	12390.00000000 	11713.00 	12390.00 	0.59 	 263595.00	60.30	60.66	265204.00	ff048_01.txt
0.00008069 	12392.00000000 	11713.00 	12392.00 	0.60 	 263992.00	60.41	60.41	263992.00	ff048_02.txt
0.00008066 	12397.00000000 	11713.00 	12397.00 	0.54 	 263529.00	60.21	60.21	263529.00	ff048_03.txt
0.00008089 	12361.00000000 	11713.00 	12361.00 	0.48 	 263172.00	60.35	60.36	263172.00	ff048_04.txt
0.00009731 	10275.00000000 	8504.00 	10275.00 	0.54 	 264971.00	60.23	60.23	264971.00	ff049_00.txt
0.00009734 	10272.00000000 	8504.00 	10272.00 	0.54 	 261506.00	60.06	60.50	263129.00	ff049_01.txt
0.00009735 	10271.00000000 	8504.00 	10271.00 	0.51 	 256214.00	59.88	60.23	257846.00	ff049_02.txt
0.00009721 	10286.00000000 	8504.00 	10286.00 	0.48 	 257893.00	59.92	60.35	259533.00	ff049_03.txt
0.00009747 	10259.00000000 	8504.00 	10259.00 	0.60 	 259101.00	59.82	60.21	260683.00	ff049_04.txt
0.00010976 	9110.00000000 	8159.00 	9110.00 	0.51 	 253765.00	60.66	60.66	253765.00	ff050_00.txt
0.00010985 	9102.00000000 	8159.00 	9102.00 	0.50 	 259311.00	60.35	60.73	260933.00	ff050_01.txt
0.00011006 	9085.00000000 	8159.00 	9085.00 	0.51 	 255056.00	60.17	60.18	255056.00	ff050_02.txt
0.00011028 	9067.00000000 	8159.00 	9067.00 	0.55 	 265392.00	61.36	61.37	265392.00	ff050_03.txt
0.00011014 	9078.00000000 	8159.00 	9078.00 	0.50 	 261621.00	60.09	60.46	263254.00	ff050_04.txt
0.00009314 	10735.00000000 	9464.00 	10735.00 	0.49 	 268485.00	60.19	60.57	270066.00	ff051_00.txt
0.00009316 	10733.00000000 	9664.00 	10733.00 	0.56 	 267828.00	60.30	60.31	267828.00	ff051_01.txt
0.00009323 	10725.00000000 	9567.00 	10725.00 	0.55 	 271788.00	60.29	60.30	271788.00	ff051_02.txt
0.00009320 	10729.00000000 	9567.00 	10729.00 	0.49 	 267042.00	60.26	60.26	267042.00	ff051_03.txt
0.00009306 	10745.00000000 	9567.00 	10745.00 	0.54 	 266375.00	60.30	60.30	266375.00	ff051_04.txt
0.00009551 	10469.00000000 	9177.00 	10469.00 	0.57 	 264438.00	60.38	60.38	264438.00	ff052_00.txt
0.00009545 	10476.00000000 	9177.00 	10476.00 	0.55 	 263884.00	60.68	60.68	263884.00	ff052_01.txt
0.00009529 	10493.00000000 	9177.00 	10493.00 	0.55 	 258550.00	59.78	60.52	261782.00	ff052_02.txt
0.00009532 	10490.00000000 	9177.00 	10490.00 	0.46 	 262840.00	60.65	60.66	262840.00	ff052_03.txt
0.00009559 	10460.00000000 	9177.00 	10460.00 	0.52 	 264553.00	60.03	60.04	264553.00	ff052_04.txt
0.00009682 	10327.00000000 	8980.00 	10327.00 	0.51 	 258375.00	60.35	60.36	258375.00	ff053_00.txt
0.00009680 	10330.00000000 	8980.00 	10330.00 	0.56 	 259095.00	60.55	60.55	259095.00	ff053_01.txt
0.00009686 	10323.00000000 	8980.00 	10323.00 	0.57 	 260612.00	60.57	60.58	260612.00	ff053_02.txt
0.00009691 	10318.00000000 	8980.00 	10318.00 	0.39 	 261274.00	60.33	60.34	261274.00	ff053_03.txt
0.00009679 	10331.00000000 	8980.00 	10331.00 	0.59 	 259298.00	60.64	60.65	259298.00	ff053_04.txt
0.00010471 	9549.00000000 	8695.00 	9549.00 	0.44 	 250831.00	60.74	60.74	250831.00	ff054_00.txt
0.00010503 	9520.00000000 	8687.00 	9520.00 	0.57 	 247592.00	60.11	60.11	247592.00	ff054_01.txt
0.00010498 	9525.00000000 	8693.00 	9525.00 	0.44 	 252320.00	60.75	60.75	252320.00	ff054_02.txt
0.00010465 	9555.00000000 	8695.00 	9555.00 	0.54 	 248535.00	60.42	60.43	248535.00	ff054_03.txt
0.00010485 	9536.00000000 	8695.00 	9536.00 	0.49 	 248474.00	60.15	60.56	250101.00	ff054_04.txt
0.00008513 	11746.00000000 	10901.00 	11746.00 	0.52 	 261109.00	60.32	60.33	261109.00	ff055_00.txt
0.00008511 	11748.00000000 	10901.00 	11748.00 	0.56 	 269831.00	60.35	60.36	269831.00	ff055_01.txt
0.00008498 	11766.00000000 	10901.00 	11766.00 	0.49 	 265878.00	60.33	60.33	265878.00	ff055_02.txt
0.00008497 	11768.00000000 	10901.00 	11768.00 	0.50 	 267680.00	60.63	60.63	267680.00	ff055_03.txt
0.00008502 	11761.00000000 	10925.00 	11761.00 	0.51 	 268597.00	60.00	60.00	268597.00	ff055_04.txt
0.00008961 	11158.00000000 	10292.00 	11158.00 	0.57 	 262947.00	60.49	60.49	262947.00	ff056_00.txt
0.00008949 	11173.00000000 	10292.00 	11173.00 	0.44 	 260593.00	60.64	60.64	260593.00	ff056_01.txt
0.00008936 	11190.00000000 	10292.00 	11190.00 	0.50 	 263100.00	60.44	60.44	263100.00	ff056_02.txt
0.00008947 	11176.00000000 	10292.00 	11176.00 	0.60 	 264206.00	60.03	60.03	264206.00	ff056_03.txt
0.00008957 	11164.00000000 	10292.00 	11164.00 	0.49 	 264852.00	60.28	60.29	264852.00	ff056_04.txt
0.00010835 	9228.00000000 	7841.00 	9228.00 	0.48 	 255617.00	60.50	60.51	255617.00	ff057_00.txt
0.00010805 	9254.00000000 	7841.00 	9254.00 	0.54 	 258730.00	60.58	60.59	258730.00	ff057_01.txt
0.00010789 	9268.00000000 	7841.00 	9268.00 	0.49 	 252405.00	60.24	60.25	252405.00	ff057_02.txt
0.00010782 	9274.00000000 	7841.00 	9274.00 	0.48 	 256406.00	59.91	60.24	257542.00	ff057_03.txt
0.00010821 	9240.00000000 	7841.00 	9240.00 	0.56 	 256262.00	60.39	60.39	256262.00	ff057_04.txt
0.00008059 	12408.00000000 	10624.00 	12408.00 	0.60 	 268578.00	60.69	60.69	268578.00	ff058_00.txt
0.00008059 	12408.00000000 	10600.00 	12408.00 	0.46 	 269368.00	60.19	60.19	269368.00	ff058_01.txt
0.00008102 	12342.00000000 	10600.00 	12342.00 	0.51 	 270635.00	60.58	60.58	270635.00	ff058_02.txt
0.00008070 	12390.00000000 	10600.00 	12390.00 	0.49 	 268777.00	59.92	60.29	270386.00	ff058_03.txt
0.00008093 	12356.00000000 	10600.00 	12356.00 	0.55 	 266980.00	60.32	60.32	266980.00	ff058_04.txt
0.00010057 	9942.00000000 	8733.00 	9942.00 	0.46 	 241136.00	60.21	60.22	241136.00	ff059_00.txt
0.00010048 	9951.00000000 	8733.00 	9951.00 	0.41 	 247560.00	60.84	60.85	247560.00	ff059_01.txt
0.00010081 	9919.00000000 	8733.00 	9919.00 	0.46 	 244539.00	60.13	60.58	246179.00	ff059_02.txt
0.00010056 	9943.00000000 	8733.00 	9943.00 	0.52 	 245865.00	60.71	60.71	245865.00	ff059_03.txt
0.00010058 	9941.00000000 	8733.00 	9941.00 	0.45 	 240882.00	59.75	60.15	242516.00	ff059_04.txt
0.00008514 	11745.00000000 	10316.00 	11745.00 	0.54 	 273261.00	60.38	60.39	273261.00	ff060_00.txt
0.00008484 	11786.00000000 	10316.00 	11786.00 	0.50 	 270667.00	60.52	60.53	270667.00	ff060_01.txt
0.00008503 	11759.00000000 	10316.00 	11759.00 	0.55 	 274707.00	60.34	60.74	276292.00	ff060_02.txt
0.00008483 	11787.00000000 	10316.00 	11787.00 	0.60 	 272080.00	60.09	60.09	272080.00	ff060_03.txt
0.00008514 	11745.00000000 	10316.00 	11745.00 	0.44 	 272083.00	60.15	60.16	272083.00	ff060_04.txt
0.00007830 	12771.00000000 	11657.00 	12771.00 	0.46 	 272194.00	60.24	60.26	272197.00	ff061_00.txt
0.00007812 	12800.00000000 	11657.00 	12800.00 	0.55 	 266270.00	59.73	60.11	267843.00	ff061_01.txt
0.00007822 	12784.00000000 	11774.00 	12784.00 	0.37 	 270411.00	60.73	60.74	270411.00	ff061_02.txt
0.00007818 	12790.00000000 	11657.00 	12790.00 	0.52 	 269351.00	60.14	60.14	269351.00	ff061_03.txt
0.00007798 	12822.00000000 	11657.00 	12822.00 	0.55 	 269790.00	60.51	60.52	269790.00	ff061_04.txt
0.00009045 	11055.00000000 	9945.00 	11055.00 	0.48 	 257983.00	60.63	60.63	257983.00	ff062_00.txt
0.00009034 	11068.00000000 	9945.00 	11068.00 	0.49 	 259216.00	59.80	60.18	260832.00	ff062_01.txt
0.00009046 	11054.00000000 	9951.00 	11054.00 	0.48 	 257696.00	60.26	60.69	259358.00	ff062_02.txt
0.00009036 	11066.00000000 	9951.00 	11066.00 	0.46 	 257918.00	60.77	60.77	257918.00	ff062_03.txt
0.00009016 	11090.00000000 	9945.00 	11090.00 	0.50 	 255238.00	60.42	60.43	255238.00	ff062_04.txt
0.00008995 	11116.00000000 	10021.00 	11116.00 	0.50 	 266267.00	60.71	60.71	266267.00	ff063_00.txt
0.00008997 	11114.00000000 	10021.00 	11114.00 	0.55 	 264911.00	60.48	60.49	264911.00	ff063_01.txt
0.00008998 	11112.00000000 	10021.00 	11112.00 	0.41 	 263549.00	59.74	60.14	265169.00	ff063_02.txt
0.00009001 	11109.00000000 	10021.00 	11109.00 	0.48 	 262899.00	60.23	60.23	262899.00	ff063_03.txt
0.00009007 	11102.00000000 	10021.00 	11102.00 	0.55 	 265397.00	60.02	60.02	265397.00	ff063_04.txt
0.00008230 	12149.00000000 	10788.00 	12149.00 	0.57 	 268812.00	60.55	60.55	268812.00	ff064_00.txt
0.00008281 	12075.00000000 	10771.00 	12075.00 	0.50 	 268593.00	60.18	60.18	268593.00	ff064_01.txt
0.00008258 	12109.00000000 	10642.00 	12109.00 	0.50 	 270265.00	60.60	60.61	270265.00	ff064_02.txt
0.00008275 	12084.00000000 	10771.00 	12084.00 	0.65 	 271508.00	60.39	60.39	271508.00	ff064_03.txt
0.00008262 	12103.00000000 	10771.00 	12103.00 	0.49 	 260943.00	60.19	60.19	260943.00	ff064_04.txt
0.00009077 	11016.00000000 	9631.00 	11016.00 	0.40 	 258952.00	60.47	60.47	258952.00	ff065_00.txt
0.00009083 	11008.00000000 	9631.00 	11008.00 	0.48 	 260172.00	59.64	60.02	261813.00	ff065_01.txt
0.00009093 	10997.00000000 	9631.00 	10997.00 	0.50 	 258329.00	60.63	60.64	258329.00	ff065_02.txt
0.00009041 	11060.00000000 	9836.00 	11060.00 	0.60 	 258407.00	60.60	60.60	258407.00	ff065_03.txt
0.00009081 	11011.00000000 	9631.00 	11011.00 	0.48 	 257428.00	60.36	60.36	257428.00	ff065_04.txt
0.00007778 	12855.00000000 	12005.00 	12855.00 	0.57 	 260320.00	60.08	60.09	260320.00	ff066_00.txt
0.00007780 	12853.00000000 	12052.00 	12853.00 	0.50 	 264369.00	60.24	60.24	264369.00	ff066_01.txt
0.00007784 	12846.00000000 	12005.00 	12846.00 	0.54 	 258399.00	59.88	60.27	260021.00	ff066_02.txt
0.00007775 	12861.00000000 	12005.00 	12861.00 	0.57 	 260829.00	59.72	60.10	262434.00	ff066_03.txt
0.00007772 	12865.00000000 	12052.00 	12865.00 	0.46 	 257187.00	59.74	60.01	258102.00	ff066_04.txt
0.00008863 	11282.00000000 	10571.00 	11282.00 	0.52 	 254083.00	60.28	60.29	254083.00	ff067_00.txt
0.00008856 	11291.00000000 	10571.00 	11291.00 	0.45 	 252276.00	60.63	60.64	252276.00	ff067_01.txt
0.00008854 	11293.00000000 	10571.00 	11293.00 	0.54 	 253680.00	60.35	60.35	253680.00	ff067_02.txt
0.00008825 	11330.00000000 	10571.00 	11330.00 	0.45 	 251911.00	60.18	60.19	251911.00	ff067_03.txt
0.00008860 	11286.00000000 	10596.00 	11286.00 	0.55 	 250281.00	60.45	60.46	250281.00	ff067_04.txt
0.00007493 	13345.00000000 	12045.00 	13345.00 	0.52 	 267014.00	60.34	60.35	267014.00	ff068_00.txt
0.00007462 	13401.00000000 	11996.00 	13401.00 	0.54 	 268838.00	60.69	60.69	268838.00	ff068_01.txt
0.00007510 	13314.00000000 	11996.00 	13314.00 	0.50 	 265078.00	60.17	60.18	265078.00	ff068_02.txt
0.00007500 	13332.00000000 	11996.00 	13332.00 	0.56 	 265775.00	60.25	60.25	265775.00	ff068_03.txt
0.00007478 	13372.00000000 	12085.00 	13372.00 	0.50 	 262173.00	60.38	60.38	262173.00	ff068_04.txt
0.00008269 	12093.00000000 	11338.00 	12093.00 	0.48 	 266151.00	60.42	60.42	266151.00	ff069_00.txt
0.00008266 	12097.00000000 	11376.00 	12097.00 	0.56 	 267911.00	60.02	60.02	267911.00	ff069_01.txt
0.00008267 	12096.00000000 	11376.00 	12096.00 	0.55 	 269287.00	60.14	60.14	269287.00	ff069_02.txt
0.00008267 	12096.00000000 	11338.00 	12096.00 	0.41 	 267711.00	60.06	60.06	267711.00	ff069_03.txt
0.00008295 	12054.00000000 	11338.00 	12054.00 	0.46 	 268622.00	60.15	60.15	268622.00	ff069_04.txt
