0.00022920 	4362.00000000 	4362.00 	8557.00 	0.46 	 283474.00	59.00	60.82	291777.00	ff000_00.txt
0.00022920 	4362.00000000 	4362.00 	8448.00 	0.44 	 291428.00	59.09	60.95	299945.00	ff000_01.txt
0.00022920 	4362.00000000 	4362.00 	8598.00 	0.39 	 272107.00	59.29	61.38	281362.00	ff000_02.txt
0.00022920 	4362.00000000 	4362.00 	8505.00 	0.44 	 291566.00	59.92	61.81	299943.00	ff000_03.txt
0.00022920 	4362.00000000 	4362.00 	8566.00 	0.46 	 279527.00	58.37	60.20	287455.00	ff000_04.txt
0.00025780 	3878.00000000 	3878.00 	6681.00 	0.54 	 270232.00	59.78	61.73	278404.00	ff001_00.txt
0.00025780 	3878.00000000 	3878.00 	6692.00 	0.55 	 272402.00	58.93	60.77	280304.00	ff001_01.txt
0.00025780 	3878.00000000 	3878.00 	6717.00 	0.48 	 282644.00	59.44	61.34	291411.00	ff001_02.txt
0.00025780 	3878.00000000 	3878.00 	6723.00 	0.55 	 271453.00	58.18	60.14	279877.00	ff001_03.txt
0.00025780 	3878.00000000 	3878.00 	6748.00 	0.59 	 275050.00	59.05	60.97	283442.00	ff001_04.txt
0.00021968 	4551.00000000 	4551.00 	6467.00 	0.48 	 255647.00	58.50	60.19	262785.00	ff002_00.txt
0.00021968 	4551.00000000 	4551.00 	6461.00 	0.50 	 260832.00	58.70	60.51	268991.00	ff002_01.txt
0.00021968 	4551.00000000 	4551.00 	6463.00 	0.50 	 261545.00	58.86	60.47	268362.00	ff002_02.txt
0.00021968 	4551.00000000 	4551.00 	6464.00 	0.52 	 250283.00	58.78	60.46	256672.00	ff002_03.txt
0.00021968 	4551.00000000 	4551.00 	6460.00 	0.51 	 269511.00	60.05	61.82	276942.00	ff002_04.txt
0.00014368 	6959.00000000 	6959.00 	9145.00 	0.54 	 235504.00	58.57	60.31	241588.00	ff003_00.txt
0.00014368 	6959.00000000 	6959.00 	9150.00 	0.46 	 244731.00	59.62	61.28	251093.00	ff003_01.txt
0.00014368 	6959.00000000 	6959.00 	9145.00 	0.48 	 243446.00	58.56	60.39	250039.00	ff003_02.txt
0.00014368 	6959.00000000 	6959.00 	9156.00 	0.40 	 250486.00	59.76	61.56	257701.00	ff003_03.txt
0.00014368 	6959.00000000 	6959.00 	9128.00 	0.45 	 256842.00	59.70	61.47	263847.00	ff003_04.txt
0.00022936 	4359.00000000 	4359.00 	7342.00 	0.43 	 253225.00	58.82	60.80	260820.00	ff004_00.txt
0.00022936 	4359.00000000 	4359.00 	7353.00 	0.50 	 258339.00	59.33	61.29	266143.00	ff004_01.txt
0.00022936 	4359.00000000 	4359.00 	7260.00 	0.52 	 276285.00	59.36	61.37	284606.00	ff004_02.txt
0.00022936 	4359.00000000 	4359.00 	7309.00 	0.43 	 266737.00	58.37	60.32	274450.00	ff004_03.txt
0.00022936 	4359.00000000 	4359.00 	7278.00 	0.51 	 285760.00	58.90	60.72	294022.00	ff004_04.txt
0.00015775 	6338.00000000 	6338.00 	8066.00 	0.44 	 237140.00	60.03	61.78	243463.00	ff005_00.txt
0.00015775 	6338.00000000 	6338.00 	8071.00 	0.51 	 230645.00	59.84	61.65	237050.00	ff005_01.txt
0.00015775 	6338.00000000 	6338.00 	8073.00 	0.50 	 233295.00	59.96	61.84	240310.00	ff005_02.txt
0.00015775 	6338.00000000 	6338.00 	8061.00 	0.48 	 234764.00	58.70	60.41	241586.00	ff005_03.txt
0.00015775 	6338.00000000 	6338.00 	8064.00 	0.55 	 227045.00	58.72	60.44	233397.00	ff005_04.txt
0.00018822 	5312.00000000 	5312.00 	7522.00 	0.46 	 242363.00	59.56	61.78	250579.00	ff006_00.txt
0.00018822 	5312.00000000 	5312.00 	7494.00 	0.43 	 259120.00	59.90	61.80	267157.00	ff006_01.txt
0.00018822 	5312.00000000 	5312.00 	7503.00 	0.43 	 259145.00	59.74	61.67	266678.00	ff006_02.txt
0.00018822 	5312.00000000 	5312.00 	7514.00 	0.51 	 248121.00	59.35	61.23	254864.00	ff006_03.txt
0.00018822 	5312.00000000 	5312.00 	7504.00 	0.45 	 260786.00	59.71	61.66	268368.00	ff006_04.txt
0.00019223 	5201.00000000 	5201.00 	8038.00 	0.41 	 259469.00	60.04	61.60	265838.00	ff007_00.txt
0.00019223 	5201.00000000 	5201.00 	8044.00 	0.45 	 261250.00	60.06	61.70	268065.00	ff007_01.txt
0.00019223 	5201.00000000 	5201.00 	8038.00 	0.45 	 259759.00	60.00	61.76	267244.00	ff007_02.txt
0.00019223 	5201.00000000 	5201.00 	8036.00 	0.52 	 258301.00	58.91	60.57	265040.00	ff007_03.txt
0.00019223 	5201.00000000 	5201.00 	8050.00 	0.48 	 253642.00	58.35	60.09	260975.00	ff007_04.txt
0.00020572 	4860.00000000 	4860.00 	10748.00 	0.54 	 274840.00	59.23	60.94	282244.00	ff008_00.txt
0.00020572 	4860.00000000 	4860.00 	11417.00 	0.56 	 259153.00	58.65	60.42	266403.00	ff008_01.txt
0.00020572 	4860.00000000 	4860.00 	11140.00 	0.55 	 285637.00	58.65	60.36	293728.00	ff008_02.txt
0.00020572 	4860.00000000 	4860.00 	10761.00 	0.48 	 288990.00	58.92	60.67	297043.00	ff008_03.txt
0.00020572 	4860.00000000 	4860.00 	10664.00 	0.46 	 274364.00	59.42	61.15	281571.00	ff008_04.txt
0.00019535 	5118.00000000 	5118.00 	8405.00 	0.60 	 265951.00	58.70	60.43	273132.00	ff009_00.txt
0.00019535 	5118.00000000 	5118.00 	8460.00 	0.44 	 251172.00	58.75	60.45	257988.00	ff009_01.txt
0.00019535 	5118.00000000 	5118.00 	8439.00 	0.50 	 252550.00	59.25	60.89	259191.00	ff009_02.txt
0.00019535 	5118.00000000 	5118.00 	8425.00 	0.52 	 254432.00	59.54	61.11	260821.00	ff009_03.txt
0.00019535 	5118.00000000 	5118.00 	8470.00 	0.46 	 252784.00	59.70	61.36	259662.00	ff009_04.txt
0.00011969 	8354.00000000 	8354.00 	9795.00 	0.49 	 251110.00	59.27	60.97	257481.00	ff010_00.txt
0.00011969 	8354.00000000 	8354.00 	9781.00 	0.46 	 248828.00	58.90	60.43	254671.00	ff010_01.txt
0.00011969 	8354.00000000 	8354.00 	9788.00 	0.52 	 241089.00	58.94	60.63	247787.00	ff010_02.txt
0.00011969 	8354.00000000 	8354.00 	9783.00 	0.48 	 239055.00	59.39	61.10	245358.00	ff010_03.txt
0.00011969 	8354.00000000 	8354.00 	9810.00 	0.54 	 235517.00	58.70	60.51	242187.00	ff010_04.txt
0.00014497 	6897.00000000 	6897.00 	8875.00 	0.56 	 256311.00	59.81	61.60	263184.00	ff011_00.txt
0.00014497 	6897.00000000 	6897.00 	8876.00 	0.49 	 249754.00	59.19	60.78	256550.00	ff011_01.txt
0.00014497 	6897.00000000 	6897.00 	8881.00 	0.43 	 251764.00	59.05	60.84	258826.00	ff011_02.txt
0.00014497 	6897.00000000 	6897.00 	8874.00 	0.45 	 251367.00	59.19	60.90	258181.00	ff011_03.txt
0.00014497 	6897.00000000 	6897.00 	8871.00 	0.48 	 251053.00	60.08	61.84	258241.00	ff011_04.txt
0.00012819 	7800.00000000 	7800.00 	8883.00 	0.46 	 220085.00	58.91	60.42	225236.00	ff012_00.txt
0.00012819 	7800.00000000 	7800.00 	8883.00 	0.54 	 223130.00	59.12	60.71	228509.00	ff012_01.txt
0.00012819 	7800.00000000 	7800.00 	8871.00 	0.54 	 222348.00	58.71	60.41	228898.00	ff012_02.txt
0.00012819 	7800.00000000 	7800.00 	8861.00 	0.51 	 218380.00	58.55	60.14	224021.00	ff012_03.txt
0.00012819 	7800.00000000 	7800.00 	8869.00 	0.49 	 227878.00	60.02	61.67	233555.00	ff012_04.txt
0.00014418 	6935.00000000 	6935.00 	8653.00 	0.40 	 240807.00	58.09	60.03	248737.00	ff013_00.txt
0.00014418 	6935.00000000 	6935.00 	8648.00 	0.49 	 240071.00	58.30	60.06	246880.00	ff013_01.txt
0.00014418 	6935.00000000 	6935.00 	8649.00 	0.46 	 248628.00	59.97	61.77	255933.00	ff013_02.txt
0.00014418 	6935.00000000 	6935.00 	8648.00 	0.38 	 242580.00	58.75	60.34	248631.00	ff013_03.txt
0.00014418 	6935.00000000 	6935.00 	8635.00 	0.52 	 240676.00	59.31	61.12	247535.00	ff013_04.txt
0.00020408 	4899.00000000 	4899.00 	7773.00 	0.46 	 248179.00	59.07	60.97	255532.00	ff014_00.txt
0.00020408 	4899.00000000 	4899.00 	7755.00 	0.51 	 248659.00	58.57	60.34	255621.00	ff014_01.txt
0.00020408 	4899.00000000 	4899.00 	7772.00 	0.45 	 245163.00	59.91	61.86	252839.00	ff014_02.txt
0.00020408 	4899.00000000 	4899.00 	7754.00 	0.39 	 242389.00	59.69	61.64	249903.00	ff014_03.txt
0.00020408 	4899.00000000 	4899.00 	7756.00 	0.45 	 251653.00	59.13	61.17	259660.00	ff014_04.txt
0.00013805 	7243.00000000 	7243.00 	8461.00 	0.39 	 230960.00	58.29	60.12	237605.00	ff015_00.txt
0.00013805 	7243.00000000 	7243.00 	8486.00 	0.45 	 232191.00	60.05	61.72	238793.00	ff015_01.txt
0.00013805 	7243.00000000 	7243.00 	8487.00 	0.54 	 228172.00	58.55	60.29	234786.00	ff015_02.txt
0.00013805 	7243.00000000 	7243.00 	8462.00 	0.44 	 231401.00	59.61	61.50	238601.00	ff015_03.txt
0.00013805 	7243.00000000 	7243.00 	8474.00 	0.51 	 236357.00	58.40	60.06	242410.00	ff015_04.txt
0.00017730 	5639.00000000 	5639.00 	7157.00 	0.48 	 240513.00	59.55	61.37	247591.00	ff016_00.txt
0.00017730 	5639.00000000 	5639.00 	7160.00 	0.48 	 237269.00	58.86	60.53	243730.00	ff016_01.txt
0.00017730 	5639.00000000 	5639.00 	7157.00 	0.46 	 237992.00	58.70	60.42	244506.00	ff016_02.txt
0.00017730 	5639.00000000 	5639.00 	7160.00 	0.50 	 234207.00	60.01	61.72	240808.00	ff016_03.txt
0.00017730 	5639.00000000 	5639.00 	7166.00 	0.48 	 224495.00	58.69	60.32	230265.00	ff016_04.txt
0.00011260 	8880.00000000 	8880.00 	10758.00 	0.50 	 235101.00	59.28	60.74	240268.00	ff017_00.txt
0.00011260 	8880.00000000 	8880.00 	10751.00 	0.49 	 234998.00	59.27	60.71	240083.00	ff017_01.txt
0.00011260 	8880.00000000 	8880.00 	10767.00 	0.61 	 232139.00	60.06	61.61	237745.00	ff017_02.txt
0.00011260 	8880.00000000 	8880.00 	10778.00 	0.52 	 229455.00	59.29	60.95	235471.00	ff017_03.txt
0.00011260 	8880.00000000 	8880.00 	10736.00 	0.54 	 231662.00	59.55	61.30	237918.00	ff017_04.txt
0.00030600 	3267.00000000 	3267.00 	6286.00 	0.45 	 252486.00	59.16	60.97	259558.00	ff018_00.txt
0.00030600 	3267.00000000 	3267.00 	6226.00 	0.50 	 275267.00	59.52	61.46	283625.00	ff018_01.txt
0.00030600 	3267.00000000 	3267.00 	6254.00 	0.49 	 262661.00	58.60	60.43	270083.00	ff018_02.txt
0.00030600 	3267.00000000 	3267.00 	6237.00 	0.43 	 280171.00	58.95	60.83	288296.00	ff018_03.txt
0.00030600 	3267.00000000 	3267.00 	6231.00 	0.49 	 279469.00	59.24	61.03	286548.00	ff018_04.txt
0.00015562 	6425.00000000 	6425.00 	8201.00 	0.46 	 224183.00	58.96	60.83	231055.00	ff019_00.txt
0.00015562 	6425.00000000 	6425.00 	8197.00 	0.46 	 235265.00	58.41	60.18	242128.00	ff019_01.txt
0.00015562 	6425.00000000 	6425.00 	8206.00 	0.56 	 237733.00	59.46	61.08	243880.00	ff019_02.txt
0.00015562 	6425.00000000 	6425.00 	8204.00 	0.60 	 236832.00	58.82	60.62	244350.00	ff019_03.txt
0.00015562 	6425.00000000 	6425.00 	8196.00 	0.48 	 239767.00	59.29	61.05	246801.00	ff019_04.txt
0.00013953 	7166.00000000 	7166.00 	8580.00 	0.43 	 234689.00	58.81	60.61	241422.00	ff020_00.txt
0.00013953 	7166.00000000 	7166.00 	8578.00 	0.54 	 233492.00	59.65	61.46	240203.00	ff020_01.txt
0.00013953 	7166.00000000 	7166.00 	8588.00 	0.54 	 233372.00	59.22	61.22	240877.00	ff020_02.txt
0.00013953 	7166.00000000 	7166.00 	8586.00 	0.49 	 238005.00	59.48	61.37	244899.00	ff020_03.txt
0.00013953 	7166.00000000 	7166.00 	8579.00 	0.52 	 239808.00	59.47	61.19	245911.00	ff020_04.txt
0.00013822 	7234.00000000 	7234.00 	9004.00 	0.46 	 236564.00	59.18	60.79	242880.00	ff021_00.txt
0.00013822 	7234.00000000 	7234.00 	9009.00 	0.54 	 236794.00	58.63	60.19	242415.00	ff021_01.txt
0.00013822 	7234.00000000 	7234.00 	9002.00 	0.50 	 224516.00	58.54	60.34	231039.00	ff021_02.txt
0.00013822 	7234.00000000 	7234.00 	9000.00 	0.44 	 235248.00	59.54	61.23	241841.00	ff021_03.txt
0.00013822 	7234.00000000 	7234.00 	8998.00 	0.44 	 227356.00	58.84	60.50	233215.00	ff021_04.txt
0.00014136 	7073.00000000 	7073.00 	8676.00 	0.48 	 229953.00	59.53	61.04	235144.00	ff022_00.txt
0.00014136 	7073.00000000 	7073.00 	8672.00 	0.45 	 232874.00	58.95	60.63	238753.00	ff022_01.txt
0.00014136 	7073.00000000 	7073.00 	8662.00 	0.51 	 231400.00	59.84	61.49	237132.00	ff022_02.txt
0.00014136 	7073.00000000 	7073.00 	8662.00 	0.57 	 229780.00	58.74	60.52	236709.00	ff022_03.txt
0.00014136 	7073.00000000 	7073.00 	8676.00 	0.49 	 226050.00	58.80	60.45	231903.00	ff022_04.txt
0.00018594 	5377.00000000 	5377.00 	7561.00 	0.51 	 242405.00	59.30	60.92	248570.00	ff023_00.txt
0.00018594 	5377.00000000 	5377.00 	7554.00 	0.40 	 236530.00	59.81	61.45	242572.00	ff023_01.txt
0.00018594 	5377.00000000 	5377.00 	7549.00 	0.51 	 241247.00	59.72	61.33	247389.00	ff023_02.txt
0.00018594 	5377.00000000 	5377.00 	7553.00 	0.43 	 235560.00	59.33	60.94	241847.00	ff023_03.txt
0.00018594 	5377.00000000 	5377.00 	7545.00 	0.55 	 243888.00	59.23	60.68	249333.00	ff023_04.txt
0.00014110 	7086.00000000 	7086.00 	9481.00 	0.46 	 231698.00	59.18	61.28	239669.00	ff024_00.txt
0.00014110 	7086.00000000 	7086.00 	9500.00 	0.43 	 226655.00	58.50	60.38	233880.00	ff024_01.txt
0.00014110 	7086.00000000 	7086.00 	9457.00 	0.32 	 244079.00	59.91	61.95	251942.00	ff024_02.txt
0.00014110 	7086.00000000 	7086.00 	9493.00 	0.39 	 238570.00	59.54	61.55	245424.00	ff024_03.txt
0.00014110 	7086.00000000 	7086.00 	9481.00 	0.41 	 237188.00	59.73	61.49	243356.00	ff024_04.txt
0.00013407 	7458.00000000 	7458.00 	8891.00 	0.51 	 218789.00	58.76	60.30	224430.00	ff025_00.txt
0.00013407 	7458.00000000 	7458.00 	8869.00 	0.52 	 223724.00	59.82	61.31	229288.00	ff025_01.txt
0.00013407 	7458.00000000 	7458.00 	8861.00 	0.51 	 220277.00	59.33	61.02	226496.00	ff025_02.txt
0.00013407 	7458.00000000 	7458.00 	8873.00 	0.54 	 226655.00	59.84	61.40	232260.00	ff025_03.txt
0.00013407 	7458.00000000 	7458.00 	8873.00 	0.56 	 221932.00	59.52	60.99	227108.00	ff025_04.txt
0.00010941 	9139.00000000 	9139.00 	10521.00 	0.44 	 237467.00	58.74	60.26	243471.00	ff026_00.txt
0.00010941 	9139.00000000 	9139.00 	10538.00 	0.45 	 235061.00	59.99	61.50	240570.00	ff026_01.txt
0.00010941 	9139.00000000 	9139.00 	10523.00 	0.49 	 231139.00	59.80	61.34	236973.00	ff026_02.txt
0.00010941 	9139.00000000 	9139.00 	10529.00 	0.52 	 224423.00	59.35	60.85	229668.00	ff026_03.txt
0.00010941 	9139.00000000 	9139.00 	10531.00 	0.45 	 232915.00	59.61	61.09	238276.00	ff026_04.txt
0.00013046 	7664.00000000 	7664.00 	10144.00 	0.48 	 234366.00	59.50	61.58	242082.00	ff027_00.txt
0.00013046 	7664.00000000 	7664.00 	10202.00 	0.41 	 222253.00	58.73	60.65	228685.00	ff027_01.txt
0.00013046 	7664.00000000 	7664.00 	10185.00 	0.57 	 225988.00	58.14	60.14	232648.00	ff027_02.txt
0.00013046 	7664.00000000 	7664.00 	10169.00 	0.51 	 225479.00	58.15	60.18	232857.00	ff027_03.txt
0.00013046 	7664.00000000 	7664.00 	10188.00 	0.38 	 221921.00	59.73	61.75	228167.00	ff027_04.txt
0.00016625 	6014.00000000 	6014.00 	8437.00 	0.44 	 234848.00	60.05	61.77	241143.00	ff028_00.txt
0.00016625 	6014.00000000 	6014.00 	8437.00 	0.46 	 220400.00	58.90	60.61	226695.00	ff028_01.txt
0.00016625 	6014.00000000 	6014.00 	8451.00 	0.54 	 229009.00	58.63	60.14	234555.00	ff028_02.txt
0.00016625 	6014.00000000 	6014.00 	8422.00 	0.45 	 217858.00	59.53	61.31	224529.00	ff028_03.txt
0.00016625 	6014.00000000 	6014.00 	8437.00 	0.49 	 225673.00	59.74	61.51	232201.00	ff028_04.txt
0.00018727 	5339.00000000 	5339.00 	8038.00 	0.41 	 245415.00	58.45	60.31	252015.00	ff029_00.txt
0.00018727 	5339.00000000 	5339.00 	8017.00 	0.54 	 244391.00	59.57	61.52	251904.00	ff029_01.txt
0.00018727 	5339.00000000 	5339.00 	8038.00 	0.49 	 233389.00	58.53	60.57	240918.00	ff029_02.txt
0.00018727 	5339.00000000 	5339.00 	8028.00 	0.48 	 252326.00	59.21	61.10	259999.00	ff029_03.txt
0.00018727 	5339.00000000 	5339.00 	8026.00 	0.37 	 255209.00	59.86	61.91	263184.00	ff029_04.txt
0.00015147 	6601.00000000 	6601.00 	7866.00 	0.51 	 244109.00	58.43	60.20	251023.00	ff030_00.txt
0.00015147 	6601.00000000 	6601.00 	7873.00 	0.51 	 247679.00	59.71	61.48	254629.00	ff030_01.txt
0.00015147 	6601.00000000 	6601.00 	7872.00 	0.44 	 250548.00	59.12	60.92	258008.00	ff030_02.txt
0.00015147 	6601.00000000 	6601.00 	7881.00 	0.51 	 233494.00	59.49	61.33	240369.00	ff030_03.txt
0.00015147 	6601.00000000 	6601.00 	7867.00 	0.46 	 243005.00	59.70	61.32	249163.00	ff030_04.txt
0.00010121 	9879.00000000 	9879.00 	11239.00 	0.56 	 226224.00	59.18	60.92	232839.00	ff031_00.txt
0.00010121 	9879.00000000 	9879.00 	11251.00 	0.50 	 222245.00	58.71	60.41	228470.00	ff031_01.txt
0.00010121 	9879.00000000 	9879.00 	11258.00 	0.51 	 227844.00	59.71	61.28	233558.00	ff031_02.txt
0.00010121 	9879.00000000 	9879.00 	11285.00 	0.55 	 220113.00	59.66	61.44	226946.00	ff031_03.txt
0.00010121 	9879.00000000 	9879.00 	11244.00 	0.49 	 225699.00	58.99	60.71	232004.00	ff031_04.txt
0.00011777 	8490.00000000 	8490.00 	9910.00 	0.56 	 230307.00	58.95	60.44	235714.00	ff032_00.txt
0.00011777 	8490.00000000 	8490.00 	9900.00 	0.48 	 233848.00	59.25	60.83	239885.00	ff032_01.txt
0.00011777 	8490.00000000 	8490.00 	9912.00 	0.48 	 231226.00	59.82	61.48	237308.00	ff032_02.txt
0.00011777 	8490.00000000 	8490.00 	9911.00 	0.44 	 227884.00	59.31	61.03	234297.00	ff032_03.txt
0.00011777 	8490.00000000 	8490.00 	9912.00 	0.49 	 220664.00	59.76	61.50	226742.00	ff032_04.txt
0.00014152 	7065.00000000 	7065.00 	8572.00 	0.51 	 224242.00	60.03	61.75	230275.00	ff033_00.txt
0.00014152 	7065.00000000 	7065.00 	8590.00 	0.49 	 218626.00	59.07	60.81	225038.00	ff033_01.txt
0.00014152 	7065.00000000 	7065.00 	8588.00 	0.52 	 218523.00	59.89	61.54	224143.00	ff033_02.txt
0.00014152 	7065.00000000 	7065.00 	8577.00 	0.55 	 225414.00	58.89	60.49	231536.00	ff033_03.txt
0.00014152 	7065.00000000 	7065.00 	8569.00 	0.41 	 221601.00	58.63	60.29	227593.00	ff033_04.txt
0.00011759 	8503.00000000 	8503.00 	9657.00 	0.43 	 237416.00	59.89	61.30	242522.00	ff034_00.txt
0.00011759 	8503.00000000 	8503.00 	9626.00 	0.52 	 234158.00	59.61	61.09	239693.00	ff034_01.txt
0.00011759 	8503.00000000 	8503.00 	9639.00 	0.44 	 235359.00	59.57	61.17	241261.00	ff034_02.txt
0.00011759 	8503.00000000 	8503.00 	9642.00 	0.48 	 238927.00	58.94	60.37	244428.00	ff034_03.txt
0.00011759 	8503.00000000 	8503.00 	9623.00 	0.51 	 249433.00	59.73	61.16	254952.00	ff034_04.txt
0.00014923 	6700.00000000 	6700.00 	8234.00 	0.55 	 237044.00	59.39	60.96	243138.00	ff035_00.txt
0.00014923 	6700.00000000 	6700.00 	8243.00 	0.45 	 237306.00	59.35	60.91	243378.00	ff035_01.txt
0.00014923 	6700.00000000 	6700.00 	8255.00 	0.55 	 244283.00	59.80	61.59	250869.00	ff035_02.txt
0.00014923 	6700.00000000 	6700.00 	8251.00 	0.54 	 240667.00	59.21	60.82	246988.00	ff035_03.txt
0.00014923 	6700.00000000 	6700.00 	8239.00 	0.45 	 243486.00	59.13	60.71	249773.00	ff035_04.txt
0.00012587 	7944.00000000 	7944.00 	9323.00 	0.48 	 219004.00	58.55	60.77	226851.00	ff036_00.txt
0.00012587 	7944.00000000 	7944.00 	9310.00 	0.52 	 208864.00	59.60	61.79	215622.00	ff036_01.txt
0.00012587 	7944.00000000 	7944.00 	9283.00 	0.43 	 218536.00	59.15	61.07	225056.00	ff036_02.txt
0.00012587 	7944.00000000 	7944.00 	9306.00 	0.48 	 219739.00	59.64	61.81	227668.00	ff036_03.txt
0.00012587 	7944.00000000 	7944.00 	9317.00 	0.48 	 212878.00	58.19	60.44	220901.00	ff036_04.txt
0.00009680 	10330.00000000 	10330.00 	11166.00 	0.50 	 236883.00	59.01	60.56	242630.00	ff037_00.txt
0.00009680 	10330.00000000 	10330.00 	11127.00 	0.46 	 244500.00	59.94	61.62	251751.00	ff037_01.txt
0.00009680 	10330.00000000 	10330.00 	11154.00 	0.45 	 245608.00	59.40	60.77	250919.00	ff037_02.txt
0.00009680 	10330.00000000 	10330.00 	11195.00 	0.46 	 233633.00	59.51	61.25	240505.00	ff037_03.txt
0.00009680 	10330.00000000 	10330.00 	11145.00 	0.43 	 236043.00	59.62	61.07	241141.00	ff037_04.txt
0.00011182 	8942.00000000 	8942.00 	10266.00 	0.56 	 232361.00	60.05	61.52	237645.00	ff038_00.txt
0.00011182 	8942.00000000 	8942.00 	10261.00 	0.51 	 228930.00	59.00	60.53	234326.00	ff038_01.txt
0.00011182 	8942.00000000 	8942.00 	10289.00 	0.55 	 223962.00	58.69	60.33	229764.00	ff038_02.txt
0.00011182 	8942.00000000 	8942.00 	10279.00 	0.43 	 233289.00	59.65	61.27	239326.00	ff038_03.txt
0.00011182 	8942.00000000 	8942.00 	10276.00 	0.48 	 226670.00	59.13	60.65	232027.00	ff038_04.txt
0.00012880 	7763.00000000 	7763.00 	8947.00 	0.54 	 232242.00	58.33	60.30	239337.00	ff039_00.txt
0.00012880 	7763.00000000 	7763.00 	8926.00 	0.46 	 225840.00	58.67	60.69	233296.00	ff039_01.txt
0.00012880 	7763.00000000 	7763.00 	8939.00 	0.48 	 231177.00	58.69	60.43	237519.00	ff039_02.txt
0.00012880 	7763.00000000 	7763.00 	8929.00 	0.41 	 239656.00	59.37	61.25	247121.00	ff039_03.txt
0.00012880 	7763.00000000 	7763.00 	8951.00 	0.35 	 222470.00	59.61	61.76	230250.00	ff039_04.txt
0.00013401 	7461.00000000 	7461.00 	8547.00 	0.52 	 224486.00	58.62	60.13	230219.00	ff040_00.txt
0.00013401 	7461.00000000 	7461.00 	8534.00 	0.61 	 231025.00	59.59	60.87	235418.00	ff040_01.txt
0.00013401 	7461.00000000 	7461.00 	8540.00 	0.45 	 223159.00	58.93	60.50	228894.00	ff040_02.txt
0.00013401 	7461.00000000 	7461.00 	8528.00 	0.62 	 227462.00	59.85	61.31	232608.00	ff040_03.txt
0.00013401 	7461.00000000 	7461.00 	8540.00 	0.50 	 224322.00	59.55	61.05	229898.00	ff040_04.txt
0.00013872 	7208.00000000 	7208.00 	8340.00 	0.49 	 228793.00	59.06	60.74	235316.00	ff041_00.txt
0.00013872 	7208.00000000 	7208.00 	8358.00 	0.61 	 231811.00	59.09	60.56	237228.00	ff041_01.txt
0.00013872 	7208.00000000 	7208.00 	8355.00 	0.52 	 236265.00	59.95	61.57	242679.00	ff041_02.txt
0.00013872 	7208.00000000 	7208.00 	8348.00 	0.55 	 230631.00	59.32	60.80	236376.00	ff041_03.txt
0.00013872 	7208.00000000 	7208.00 	8367.00 	0.55 	 231949.00	59.69	61.29	237909.00	ff041_04.txt
0.00009547 	10473.00000000 	10473.00 	11531.00 	0.44 	 237813.00	59.17	60.62	243116.00	ff042_00.txt
0.00009547 	10473.00000000 	10473.00 	11569.00 	0.49 	 235416.00	58.83	60.36	241609.00	ff042_01.txt
0.00009547 	10473.00000000 	10473.00 	11532.00 	0.43 	 238023.00	58.86	60.20	243425.00	ff042_02.txt
0.00009547 	10473.00000000 	10473.00 	11533.00 	0.44 	 238036.00	60.06	61.64	243795.00	ff042_03.txt
0.00009547 	10473.00000000 	10473.00 	11534.00 	0.37 	 242697.00	59.65	61.04	247913.00	ff042_04.txt
0.00010328 	9681.00000000 	9681.00 	10627.00 	0.50 	 226391.00	58.99	60.26	230794.00	ff043_00.txt
0.00010328 	9681.00000000 	9681.00 	10637.00 	0.48 	 230368.00	59.04	60.46	235605.00	ff043_01.txt
0.00010328 	9681.00000000 	9681.00 	10625.00 	0.46 	 236878.00	59.40	60.84	242448.00	ff043_02.txt
0.00010328 	9681.00000000 	9681.00 	10619.00 	0.51 	 225370.00	58.69	60.18	231204.00	ff043_03.txt
0.00010328 	9681.00000000 	9681.00 	10576.00 	0.45 	 228128.00	59.79	61.39	233801.00	ff043_04.txt
0.00012844 	7785.00000000 	7785.00 	9370.00 	0.38 	 235128.00	59.73	61.28	240580.00	ff044_00.txt
0.00012844 	7785.00000000 	7785.00 	9346.00 	0.57 	 231473.00	59.59	61.16	237670.00	ff044_01.txt
0.00012844 	7785.00000000 	7785.00 	9375.00 	0.56 	 231187.00	59.64	61.17	236935.00	ff044_02.txt
0.00012844 	7785.00000000 	7785.00 	9362.00 	0.52 	 241720.00	59.12	60.79	248090.00	ff044_03.txt
0.00012844 	7785.00000000 	7785.00 	9366.00 	0.48 	 233969.00	59.55	61.11	239393.00	ff044_04.txt
0.00011554 	8654.00000000 	8654.00 	9687.00 	0.45 	 232807.00	59.88	61.39	238162.00	ff045_00.txt
0.00011554 	8654.00000000 	8654.00 	9665.00 	0.56 	 233515.00	58.79	60.16	238419.00	ff045_01.txt
0.00011554 	8654.00000000 	8654.00 	9701.00 	0.51 	 229990.00	59.12	60.55	235676.00	ff045_02.txt
0.00011554 	8654.00000000 	8654.00 	9673.00 	0.51 	 236391.00	58.51	60.10	243036.00	ff045_03.txt
0.00011554 	8654.00000000 	8654.00 	9679.00 	0.62 	 227868.00	59.40	60.84	233165.00	ff045_04.txt
0.00010009 	9990.00000000 	9990.00 	11284.00 	0.51 	 228863.00	58.68	60.16	234279.00	ff046_00.txt
0.00010009 	9990.00000000 	9990.00 	11307.00 	0.44 	 229560.00	59.45	60.91	234911.00	ff046_01.txt
0.00010009 	9990.00000000 	9990.00 	11287.00 	0.51 	 234519.00	58.99	60.55	240242.00	ff046_02.txt
0.00010009 	9990.00000000 	9990.00 	11303.00 	0.46 	 233032.00	59.98	61.23	237633.00	ff046_03.txt
0.00010009 	9990.00000000 	9990.00 	11288.00 	0.51 	 228683.00	58.66	60.13	233987.00	ff046_04.txt
0.00009931 	10068.00000000 	10068.00 	10869.00 	0.52 	 228539.00	59.10	60.40	233486.00	ff047_00.txt
0.00009931 	10068.00000000 	10068.00 	10865.00 	0.45 	 236469.00	59.52	61.07	242351.00	ff047_01.txt
0.00009931 	10068.00000000 	10068.00 	10909.00 	0.52 	 224458.00	58.49	60.04	230482.00	ff047_02.txt
0.00009931 	10068.00000000 	10068.00 	10874.00 	0.45 	 233620.00	58.99	60.41	239285.00	ff047_03.txt
0.00009918 	10082.00000000 	10082.00 	10903.00 	0.55 	 230247.00	59.22	60.68	235881.00	ff047_04.txt
0.00008537 	11713.00000000 	11713.00 	12378.00 	0.50 	 236929.00	60.02	61.35	241765.00	ff048_00.txt
0.00008537 	11713.00000000 	11713.00 	12376.00 	0.51 	 233036.00	59.39	60.89	238873.00	ff048_01.txt
0.00008537 	11713.00000000 	11713.00 	12377.00 	0.43 	 242615.00	59.76	61.22	247900.00	ff048_02.txt
0.00008537 	11713.00000000 	11713.00 	12384.00 	0.39 	 227286.00	59.24	60.79	233227.00	ff048_03.txt
0.00008537 	11713.00000000 	11713.00 	12371.00 	0.44 	 237810.00	59.87	61.40	243532.00	ff048_04.txt
0.00011758 	8504.00000000 	8504.00 	10245.00 	0.46 	 237598.00	59.10	60.59	243650.00	ff049_00.txt
0.00011758 	8504.00000000 	8504.00 	10272.00 	0.44 	 230744.00	59.58	61.20	236806.00	ff049_01.txt
0.00011758 	8504.00000000 	8504.00 	10243.00 	0.50 	 231577.00	59.29	60.91	237843.00	ff049_02.txt
0.00011758 	8504.00000000 	8504.00 	10267.00 	0.49 	 234833.00	59.61	61.29	240985.00	ff049_03.txt
0.00011758 	8504.00000000 	8504.00 	10242.00 	0.52 	 233753.00	59.04	60.61	239788.00	ff049_04.txt
0.00012255 	8159.00000000 	8159.00 	9095.00 	0.48 	 238235.00	59.43	60.76	243080.00	ff050_00.txt
0.00012255 	8159.00000000 	8159.00 	9108.00 	0.50 	 226910.00	58.95	60.47	232316.00	ff050_01.txt
0.00012255 	8159.00000000 	8159.00 	9100.00 	0.43 	 241512.00	59.79	61.23	247474.00	ff050_02.txt
0.00012255 	8159.00000000 	8159.00 	9085.00 	0.57 	 241796.00	59.41	60.96	247999.00	ff050_03.txt
0.00012255 	8159.00000000 	8159.00 	9099.00 	0.52 	 240980.00	59.75	61.13	246044.00	ff050_04.txt
0.00010565 	9464.00000000 	9464.00 	10676.00 	0.50 	 235388.00	59.16	60.48	240173.00	ff051_00.txt
0.00010565 	9464.00000000 	9464.00 	10616.00 	0.57 	 235602.00	59.86	61.29	241249.00	ff051_01.txt
0.00010565 	9464.00000000 	9464.00 	10597.00 	0.57 	 234773.00	59.71	61.17	240289.00	ff051_02.txt
0.00010565 	9464.00000000 	9464.00 	10611.00 	0.52 	 239827.00	59.63	60.89	244528.00	ff051_03.txt
0.00010565 	9464.00000000 	9464.00 	10593.00 	0.59 	 239276.00	59.18	60.40	243741.00	ff051_04.txt
0.00010896 	9177.00000000 	9177.00 	10438.00 	0.41 	 228728.00	58.94	60.44	234135.00	ff052_00.txt
0.00010896 	9177.00000000 	9177.00 	10408.00 	0.50 	 238297.00	59.85	61.46	244234.00	ff052_01.txt
0.00010896 	9177.00000000 	9177.00 	10422.00 	0.62 	 238444.00	59.62	61.01	243555.00	ff052_02.txt
0.00010896 	9177.00000000 	9177.00 	10425.00 	0.34 	 240507.00	58.87	60.31	246060.00	ff052_03.txt
0.00010896 	9177.00000000 	9177.00 	10446.00 	0.51 	 230220.00	59.75	61.26	235814.00	ff052_04.txt
0.00011135 	8980.00000000 	8980.00 	10328.00 	0.49 	 235707.00	58.71	60.15	241200.00	ff053_00.txt
0.00011135 	8980.00000000 	8980.00 	10317.00 	0.57 	 226193.00	58.46	60.09	232519.00	ff053_01.txt
0.00011135 	8980.00000000 	8980.00 	10320.00 	0.49 	 235525.00	59.77	61.40	241821.00	ff053_02.txt
0.00011135 	8980.00000000 	8980.00 	10302.00 	0.56 	 229105.00	59.33	60.79	234231.00	ff053_03.txt
0.00011135 	8980.00000000 	8980.00 	10311.00 	0.54 	 235317.00	58.97	60.44	240869.00	ff053_04.txt
0.00011510 	8687.00000000 	8687.00 	9476.00 	0.45 	 225111.00	59.70	60.99	229666.00	ff054_00.txt
0.00011510 	8687.00000000 	8687.00 	9449.00 	0.46 	 237363.00	60.25	61.44	242339.00	ff054_01.txt
0.00011510 	8687.00000000 	8687.00 	9490.00 	0.51 	 227695.00	58.64	60.03	232720.00	ff054_02.txt
0.00011510 	8687.00000000 	8687.00 	9483.00 	0.56 	 223332.00	58.97	60.32	228300.00	ff054_03.txt
0.00011510 	8687.00000000 	8687.00 	9492.00 	0.52 	 227252.00	58.63	60.08	233026.00	ff054_04.txt
0.00009206 	10861.00000000 	10861.00 	11711.00 	0.51 	 238052.00	60.15	61.47	243021.00	ff055_00.txt
0.00009206 	10861.00000000 	10861.00 	11674.00 	0.45 	 234058.00	59.11	60.54	239733.00	ff055_01.txt
0.00009206 	10861.00000000 	10861.00 	11670.00 	0.49 	 240682.00	60.08	61.33	245447.00	ff055_02.txt
0.00009206 	10861.00000000 	10861.00 	11705.00 	0.55 	 241234.00	60.02	61.40	246247.00	ff055_03.txt
0.00009206 	10861.00000000 	10861.00 	11680.00 	0.55 	 236667.00	59.48	60.94	242176.00	ff055_04.txt
0.00009715 	10292.00000000 	10292.00 	11183.00 	0.39 	 235423.00	58.84	60.31	240798.00	ff056_00.txt
0.00009715 	10292.00000000 	10292.00 	11194.00 	0.49 	 231599.00	59.94	61.47	237506.00	ff056_01.txt
0.00009715 	10292.00000000 	10292.00 	11172.00 	0.52 	 227103.00	58.63	60.12	232765.00	ff056_02.txt
0.00009715 	10292.00000000 	10292.00 	11179.00 	0.45 	 229393.00	59.20	60.95	235666.00	ff056_03.txt
0.00009715 	10292.00000000 	10292.00 	11206.00 	0.45 	 238217.00	58.91	60.51	244779.00	ff056_04.txt
0.00012752 	7841.00000000 	7841.00 	9300.00 	0.46 	 239488.00	58.44	60.19	245974.00	ff057_00.txt
0.00012752 	7841.00000000 	7841.00 	9305.00 	0.51 	 222440.00	58.55	60.37	229316.00	ff057_01.txt
0.00012752 	7841.00000000 	7841.00 	9306.00 	0.51 	 227586.00	58.20	60.02	233441.00	ff057_02.txt
0.00012752 	7841.00000000 	7841.00 	9287.00 	0.51 	 226743.00	58.76	60.61	233375.00	ff057_03.txt
0.00012752 	7841.00000000 	7841.00 	9284.00 	0.40 	 234247.00	59.33	61.38	241774.00	ff057_04.txt
0.00009433 	10600.00000000 	10600.00 	12186.00 	0.54 	 244479.00	59.69	61.06	249697.00	ff058_00.txt
0.00009433 	10600.00000000 	10600.00 	12222.00 	0.54 	 242649.00	59.79	61.19	247906.00	ff058_01.txt
0.00009433 	10600.00000000 	10600.00 	12232.00 	0.56 	 233615.00	58.95	60.37	238702.00	ff058_02.txt
0.00009433 	10600.00000000 	10600.00 	12215.00 	0.45 	 247873.00	60.09	61.63	254016.00	ff058_03.txt
0.00009433 	10600.00000000 	10600.00 	12223.00 	0.51 	 243471.00	58.70	60.05	248658.00	ff058_04.txt
0.00011450 	8733.00000000 	8733.00 	9939.00 	0.52 	 218477.00	59.36	61.00	224364.00	ff059_00.txt
0.00011450 	8733.00000000 	8733.00 	9929.00 	0.52 	 222430.00	59.79	61.34	227968.00	ff059_01.txt
0.00011450 	8733.00000000 	8733.00 	9930.00 	0.44 	 218711.00	58.94	60.42	223861.00	ff059_02.txt
0.00011450 	8733.00000000 	8733.00 	9948.00 	0.51 	 222732.00	59.78	61.32	228261.00	ff059_03.txt
0.00011450 	8733.00000000 	8733.00 	9876.00 	0.50 	 225932.00	58.67	60.21	231649.00	ff059_04.txt
0.00009693 	10316.00000000 	10316.00 	11615.00 	0.57 	 238948.00	58.69	60.16	244382.00	ff060_00.txt
0.00009693 	10316.00000000 	10316.00 	11631.00 	0.56 	 239833.00	59.08	60.45	245038.00	ff060_01.txt
0.00009693 	10316.00000000 	10316.00 	11662.00 	0.52 	 236661.00	59.25	60.78	242312.00	ff060_02.txt
0.00009693 	10316.00000000 	10316.00 	11640.00 	0.50 	 236671.00	59.15	60.60	242113.00	ff060_03.txt
0.00009693 	10316.00000000 	10316.00 	11652.00 	0.54 	 241092.00	59.37	60.87	247112.00	ff060_04.txt
0.00008578 	11657.00000000 	11657.00 	12710.00 	0.50 	 236236.00	58.75	60.14	241292.00	ff061_00.txt
0.00008578 	11657.00000000 	11657.00 	12719.00 	0.46 	 233222.00	59.39	60.65	237954.00	ff061_01.txt
0.00008578 	11657.00000000 	11657.00 	12691.00 	0.57 	 235742.00	59.90	61.30	241015.00	ff061_02.txt
0.00008578 	11657.00000000 	11657.00 	12678.00 	0.51 	 237856.00	59.61	61.05	243654.00	ff061_03.txt
0.00008578 	11657.00000000 	11657.00 	12696.00 	0.55 	 240437.00	59.27	60.51	245115.00	ff061_04.txt
0.00010054 	9945.00000000 	9945.00 	10982.00 	0.51 	 229432.00	59.41	60.99	235525.00	ff062_00.txt
0.00010054 	9945.00000000 	9945.00 	10969.00 	0.45 	 233279.00	59.47	60.95	238964.00	ff062_01.txt
0.00010054 	9945.00000000 	9945.00 	11006.00 	0.48 	 231360.00	59.59	61.04	236666.00	ff062_02.txt
0.00010054 	9945.00000000 	9945.00 	10995.00 	0.52 	 233433.00	58.91	60.20	238230.00	ff062_03.txt
0.00010054 	9945.00000000 	9945.00 	10992.00 	0.51 	 233933.00	59.79	61.33	239829.00	ff062_04.txt
0.00009978 	10021.00000000 	10021.00 	11057.00 	0.51 	 232840.00	59.59	61.23	239716.00	ff063_00.txt
0.00009978 	10021.00000000 	10021.00 	11073.00 	0.55 	 237112.00	59.68	61.03	242054.00	ff063_01.txt
0.00009978 	10021.00000000 	10021.00 	11047.00 	0.44 	 234188.00	59.63	61.09	239703.00	ff063_02.txt
0.00009978 	10021.00000000 	10021.00 	11057.00 	0.45 	 240055.00	59.18	60.42	244677.00	ff063_03.txt
0.00009978 	10021.00000000 	10021.00 	11075.00 	0.48 	 236804.00	58.94	60.28	241461.00	ff063_04.txt
0.00009300 	10752.00000000 	10752.00 	11876.00 	0.49 	 242683.00	59.32	60.57	247131.00	ff064_00.txt
0.00009396 	10642.00000000 	10642.00 	11925.00 	0.62 	 232693.00	59.24	60.59	237964.00	ff064_01.txt
0.00009396 	10642.00000000 	10642.00 	11991.00 	0.62 	 234539.00	58.99	60.02	238715.00	ff064_02.txt
0.00009396 	10642.00000000 	10642.00 	11801.00 	0.52 	 241289.00	60.03	61.39	246716.00	ff064_03.txt
0.00009300 	10752.00000000 	10752.00 	11925.00 	0.61 	 239383.00	58.71	60.05	244374.00	ff064_04.txt
0.00010382 	9631.00000000 	9631.00 	10968.00 	0.61 	 225991.00	59.04	60.44	231025.00	ff065_00.txt
0.00010382 	9631.00000000 	9631.00 	10966.00 	0.46 	 226926.00	59.28	60.93	233317.00	ff065_01.txt
0.00010382 	9631.00000000 	9631.00 	10933.00 	0.46 	 230553.00	59.17	60.66	236102.00	ff065_02.txt
0.00010382 	9631.00000000 	9631.00 	10940.00 	0.54 	 231292.00	58.95	60.39	236719.00	ff065_03.txt
0.00010382 	9631.00000000 	9631.00 	10969.00 	0.52 	 231834.00	59.94	61.51	237801.00	ff065_04.txt
0.00008329 	12005.00000000 	12005.00 	12808.00 	0.60 	 236581.00	60.05	61.69	242832.00	ff066_00.txt
0.00008329 	12005.00000000 	12005.00 	12812.00 	0.43 	 227537.00	58.87	60.23	232331.00	ff066_01.txt
0.00008329 	12005.00000000 	12005.00 	12792.00 	0.52 	 234690.00	59.90	61.38	240073.00	ff066_02.txt
0.00008329 	12005.00000000 	12005.00 	12823.00 	0.54 	 226570.00	58.84	60.34	232067.00	ff066_03.txt
0.00008329 	12005.00000000 	12005.00 	12804.00 	0.55 	 233367.00	59.59	61.01	238455.00	ff066_04.txt
0.00009459 	10571.00000000 	10571.00 	11257.00 	0.49 	 229119.00	59.90	61.35	234390.00	ff067_00.txt
0.00009459 	10571.00000000 	10571.00 	11237.00 	0.62 	 224239.00	58.62	60.08	229382.00	ff067_01.txt
0.00009459 	10571.00000000 	10571.00 	11295.00 	0.48 	 228031.00	59.96	61.59	234142.00	ff067_02.txt
0.00009459 	10571.00000000 	10571.00 	11247.00 	0.44 	 230472.00	59.58	60.93	235605.00	ff067_03.txt
0.00009459 	10571.00000000 	10571.00 	11257.00 	0.52 	 226327.00	58.74	60.08	231520.00	ff067_04.txt
0.00008335 	11996.00000000 	11996.00 	13216.00 	0.52 	 245276.00	59.90	61.21	250414.00	ff068_00.txt
0.00008335 	11996.00000000 	11996.00 	13150.00 	0.61 	 239379.00	59.50	60.84	244344.00	ff068_01.txt
0.00008335 	11996.00000000 	11996.00 	13187.00 	0.49 	 241460.00	59.84	61.11	246084.00	ff068_02.txt
0.00008335 	11996.00000000 	11996.00 	13149.00 	0.52 	 240105.00	59.01	60.41	245798.00	ff068_03.txt
0.00008335 	11996.00000000 	11996.00 	13165.00 	0.50 	 236694.00	59.32	60.79	242486.00	ff068_04.txt
0.00008819 	11338.00000000 	11338.00 	11996.00 	0.46 	 241943.00	59.97	61.27	246951.00	ff069_00.txt
0.00008819 	11338.00000000 	11338.00 	11953.00 	0.46 	 238681.00	59.27	60.55	243799.00	ff069_01.txt
0.00008819 	11338.00000000 	11338.00 	11975.00 	0.54 	 230061.00	59.25	60.59	234903.00	ff069_02.txt
0.00008819 	11338.00000000 	11338.00 	11957.00 	0.43 	 239223.00	59.63	60.81	243888.00	ff069_03.txt
0.00008819 	11338.00000000 	11338.00 	11973.00 	0.49 	 235893.00	58.89	60.17	240557.00	ff069_04.txt
