0.00022920 	4362.00000000 	4362.00 	8142.00 	0.40 	 813183.00	179.65	182.99	826595.00	ff000_00.txt
0.00022920 	4362.00000000 	4362.00 	8144.00 	0.59 	 747395.00	177.05	180.48	760472.00	ff000_01.txt
0.00022920 	4362.00000000 	4362.00 	8149.00 	0.56 	 760919.00	176.91	180.31	773823.00	ff000_02.txt
0.00022920 	4362.00000000 	4362.00 	8110.00 	0.39 	 776045.00	178.21	181.58	789235.00	ff000_03.txt
0.00022920 	4362.00000000 	4362.00 	8128.00 	0.60 	 791063.00	179.96	183.36	804751.00	ff000_04.txt
0.00025780 	3878.00000000 	3878.00 	6533.00 	0.54 	 715883.00	179.09	182.85	728755.00	ff001_00.txt
0.00025780 	3878.00000000 	3878.00 	6431.00 	0.41 	 752338.00	178.10	181.84	766809.00	ff001_01.txt
0.00025780 	3878.00000000 	3878.00 	6477.00 	0.50 	 751785.00	177.62	181.14	764821.00	ff001_02.txt
0.00025780 	3878.00000000 	3878.00 	6503.00 	0.38 	 769663.00	177.17	180.57	783452.00	ff001_03.txt
0.00025780 	3878.00000000 	3878.00 	6532.00 	0.45 	 738013.00	176.84	180.46	752385.00	ff001_04.txt
0.00021968 	4551.00000000 	4551.00 	6425.00 	0.49 	 738610.00	179.90	183.20	751143.00	ff002_00.txt
0.00021968 	4551.00000000 	4551.00 	6419.00 	0.45 	 750240.00	178.50	181.40	761540.00	ff002_01.txt
0.00021968 	4551.00000000 	4551.00 	6419.00 	0.52 	 763498.00	178.20	181.33	775722.00	ff002_02.txt
0.00021968 	4551.00000000 	4551.00 	6423.00 	0.52 	 764707.00	178.01	181.22	777249.00	ff002_03.txt
0.00021968 	4551.00000000 	4551.00 	6419.00 	0.46 	 759202.00	178.21	181.20	770826.00	ff002_04.txt
0.00014368 	6959.00000000 	6959.00 	9086.00 	0.41 	 692102.00	179.42	182.52	702846.00	ff003_00.txt
0.00014368 	6959.00000000 	6959.00 	9085.00 	0.60 	 666829.00	177.59	180.93	678438.00	ff003_01.txt
0.00014368 	6959.00000000 	6959.00 	9091.00 	0.45 	 695249.00	178.38	181.87	707791.00	ff003_02.txt
0.00014368 	6959.00000000 	6959.00 	9086.00 	0.44 	 676687.00	177.35	180.61	688453.00	ff003_03.txt
0.00014368 	6959.00000000 	6959.00 	9085.00 	0.52 	 677959.00	179.73	183.04	688938.00	ff003_04.txt
0.00022936 	4359.00000000 	4359.00 	7164.00 	0.49 	 746920.00	176.61	180.12	760048.00	ff004_00.txt
0.00022936 	4359.00000000 	4359.00 	7161.00 	0.44 	 715773.00	176.59	180.38	729820.00	ff004_01.txt
0.00022936 	4359.00000000 	4359.00 	7176.00 	0.38 	 742432.00	179.08	182.98	756330.00	ff004_02.txt
0.00022936 	4359.00000000 	4359.00 	7161.00 	0.44 	 732322.00	178.81	182.51	745738.00	ff004_03.txt
0.00022936 	4359.00000000 	4359.00 	7176.00 	0.46 	 711605.00	177.91	181.67	724791.00	ff004_04.txt
0.00015775 	6338.00000000 	6338.00 	7994.00 	0.52 	 662720.00	179.82	183.14	674631.00	ff005_00.txt
0.00015775 	6338.00000000 	6338.00 	7999.00 	0.50 	 670279.00	179.26	182.38	681007.00	ff005_01.txt
0.00015775 	6338.00000000 	6338.00 	7994.00 	0.50 	 616319.00	177.69	181.23	627985.00	ff005_02.txt
0.00015775 	6338.00000000 	6338.00 	7999.00 	0.43 	 639927.00	177.01	180.11	650461.00	ff005_03.txt
0.00015775 	6338.00000000 	6338.00 	7988.00 	0.52 	 670310.00	180.02	183.05	681036.00	ff005_04.txt
0.00018822 	5312.00000000 	5312.00 	7434.00 	0.39 	 653288.00	178.06	181.84	665758.00	ff006_00.txt
0.00018822 	5312.00000000 	5312.00 	7435.00 	0.57 	 647648.00	179.42	183.03	659646.00	ff006_01.txt
0.00018822 	5312.00000000 	5312.00 	7430.00 	0.49 	 680270.00	177.14	180.88	693284.00	ff006_02.txt
0.00018822 	5312.00000000 	5312.00 	7431.00 	0.35 	 681475.00	178.03	181.62	693489.00	ff006_03.txt
0.00018822 	5312.00000000 	5312.00 	7427.00 	0.49 	 717093.00	177.02	180.36	729336.00	ff006_04.txt
0.00019223 	5201.00000000 	5201.00 	7991.00 	0.48 	 712722.00	178.44	181.41	724598.00	ff007_00.txt
0.00019223 	5201.00000000 	5201.00 	7991.00 	0.51 	 717752.00	180.04	183.16	729606.00	ff007_01.txt
0.00019223 	5201.00000000 	5201.00 	7991.00 	0.35 	 749569.00	179.12	182.08	761193.00	ff007_02.txt
0.00019223 	5201.00000000 	5201.00 	7994.00 	0.45 	 747601.00	178.04	180.87	758443.00	ff007_03.txt
0.00019223 	5201.00000000 	5201.00 	7988.00 	0.46 	 748722.00	177.59	180.37	760097.00	ff007_04.txt
0.00020572 	4860.00000000 	4860.00 	9469.00 	0.57 	 804569.00	178.00	181.29	819071.00	ff008_00.txt
0.00020572 	4860.00000000 	4860.00 	9634.00 	0.49 	 752031.00	176.80	180.04	765175.00	ff008_01.txt
0.00020572 	4860.00000000 	4860.00 	9467.00 	0.50 	 854647.00	177.78	180.91	869168.00	ff008_02.txt
0.00020572 	4860.00000000 	4860.00 	9430.00 	0.49 	 822852.00	178.44	181.63	836393.00	ff008_03.txt
0.00020572 	4860.00000000 	4860.00 	9491.00 	0.48 	 799976.00	177.54	180.70	813653.00	ff008_04.txt
0.00019535 	5118.00000000 	5118.00 	8330.00 	0.54 	 712675.00	177.10	180.45	724454.00	ff009_00.txt
0.00019535 	5118.00000000 	5118.00 	8330.00 	0.37 	 714884.00	176.98	180.21	727203.00	ff009_01.txt
0.00019535 	5118.00000000 	5118.00 	8330.00 	0.46 	 735024.00	180.04	183.45	748040.00	ff009_02.txt
0.00019535 	5118.00000000 	5118.00 	8338.00 	0.49 	 744889.00	178.31	181.52	757591.00	ff009_03.txt
0.00019535 	5118.00000000 	5118.00 	8333.00 	0.54 	 733504.00	178.74	181.93	745931.00	ff009_04.txt
0.00011969 	8354.00000000 	8354.00 	9705.00 	0.60 	 644952.00	179.78	182.83	655267.00	ff010_00.txt
0.00011969 	8354.00000000 	8354.00 	9700.00 	0.52 	 693266.00	179.09	182.06	704250.00	ff010_01.txt
0.00011969 	8354.00000000 	8354.00 	9709.00 	0.45 	 670356.00	177.95	180.86	680712.00	ff010_02.txt
0.00011969 	8354.00000000 	8354.00 	9695.00 	0.60 	 685617.00	180.08	183.16	696845.00	ff010_03.txt
0.00011969 	8354.00000000 	8354.00 	9702.00 	0.59 	 689793.00	178.80	181.94	700742.00	ff010_04.txt
0.00014497 	6897.00000000 	6897.00 	8837.00 	0.41 	 688669.00	178.21	181.19	699424.00	ff011_00.txt
0.00014497 	6897.00000000 	6897.00 	8839.00 	0.44 	 721189.00	179.88	183.05	732762.00	ff011_01.txt
0.00014497 	6897.00000000 	6897.00 	8833.00 	0.46 	 712616.00	178.33	181.46	724382.00	ff011_02.txt
0.00014497 	6897.00000000 	6897.00 	8837.00 	0.40 	 679142.00	177.09	180.06	689609.00	ff011_03.txt
0.00014497 	6897.00000000 	6897.00 	8839.00 	0.56 	 689841.00	177.88	180.89	700479.00	ff011_04.txt
0.00012819 	7800.00000000 	7800.00 	8786.00 	0.61 	 634717.00	178.73	181.79	644808.00	ff012_00.txt
0.00012819 	7800.00000000 	7800.00 	8791.00 	0.50 	 633813.00	178.39	181.63	645042.00	ff012_01.txt
0.00012819 	7800.00000000 	7800.00 	8798.00 	0.49 	 641454.00	178.24	181.24	651504.00	ff012_02.txt
0.00012819 	7800.00000000 	7800.00 	8791.00 	0.54 	 618661.00	178.73	181.54	627549.00	ff012_03.txt
0.00012819 	7800.00000000 	7800.00 	8797.00 	0.56 	 620174.00	177.89	180.68	629374.00	ff012_04.txt
0.00014418 	6935.00000000 	6935.00 	8599.00 	0.41 	 663122.00	178.97	182.37	674871.00	ff013_00.txt
0.00014418 	6935.00000000 	6935.00 	8599.00 	0.44 	 691647.00	178.53	181.84	703586.00	ff013_01.txt
0.00014418 	6935.00000000 	6935.00 	8596.00 	0.54 	 673586.00	179.40	182.70	685225.00	ff013_02.txt
0.00014418 	6935.00000000 	6935.00 	8601.00 	0.45 	 680138.00	177.43	180.86	692303.00	ff013_03.txt
0.00014418 	6935.00000000 	6935.00 	8597.00 	0.39 	 659254.00	179.37	183.02	672467.00	ff013_04.txt
0.00020408 	4899.00000000 	4899.00 	7672.00 	0.46 	 674429.00	176.81	180.19	685948.00	ff014_00.txt
0.00020408 	4899.00000000 	4899.00 	7680.00 	0.49 	 650862.00	176.80	180.36	662334.00	ff014_01.txt
0.00020408 	4899.00000000 	4899.00 	7674.00 	0.43 	 724866.00	179.61	183.14	737609.00	ff014_02.txt
0.00020408 	4899.00000000 	4899.00 	7674.00 	0.50 	 696423.00	178.81	182.45	709950.00	ff014_03.txt
0.00020408 	4899.00000000 	4899.00 	7677.00 	0.43 	 660021.00	177.36	181.04	672649.00	ff014_04.txt
0.00013805 	7243.00000000 	7243.00 	8408.00 	0.45 	 655524.00	179.70	182.69	665816.00	ff015_00.txt
0.00013805 	7243.00000000 	7243.00 	8409.00 	0.51 	 669763.00	178.70	181.79	680425.00	ff015_01.txt
0.00013805 	7243.00000000 	7243.00 	8408.00 	0.41 	 662261.00	179.18	182.29	672840.00	ff015_02.txt
0.00013805 	7243.00000000 	7243.00 	8409.00 	0.51 	 653150.00	179.90	183.03	664328.00	ff015_03.txt
0.00013805 	7243.00000000 	7243.00 	8413.00 	0.51 	 636136.00	177.39	180.64	647701.00	ff015_04.txt
0.00017730 	5639.00000000 	5639.00 	7124.00 	0.57 	 681214.00	177.60	180.58	692558.00	ff016_00.txt
0.00017730 	5639.00000000 	5639.00 	7123.00 	0.52 	 674507.00	177.91	180.92	685872.00	ff016_01.txt
0.00017730 	5639.00000000 	5639.00 	7124.00 	0.49 	 638697.00	179.00	182.04	648834.00	ff016_02.txt
0.00017730 	5639.00000000 	5639.00 	7122.00 	0.50 	 692827.00	178.59	181.33	702577.00	ff016_03.txt
0.00017730 	5639.00000000 	5639.00 	7125.00 	0.61 	 685881.00	177.89	180.80	696152.00	ff016_04.txt
0.00011260 	8880.00000000 	8880.00 	10628.00 	0.46 	 657653.00	178.56	181.22	666801.00	ff017_00.txt
0.00011260 	8880.00000000 	8880.00 	10637.00 	0.45 	 652339.00	178.99	181.73	661482.00	ff017_01.txt
0.00011260 	8880.00000000 	8880.00 	10615.00 	0.57 	 661838.00	179.84	182.73	671487.00	ff017_02.txt
0.00011260 	8880.00000000 	8880.00 	10614.00 	0.50 	 652895.00	178.12	180.94	662554.00	ff017_03.txt
0.00011260 	8880.00000000 	8880.00 	10622.00 	0.50 	 651957.00	178.40	181.28	662183.00	ff017_04.txt
0.00030600 	3267.00000000 	3267.00 	6131.00 	0.52 	 713136.00	177.12	180.64	725906.00	ff018_00.txt
0.00030600 	3267.00000000 	3267.00 	6128.00 	0.41 	 763656.00	178.38	181.67	776000.00	ff018_01.txt
0.00030600 	3267.00000000 	3267.00 	6120.00 	0.48 	 736586.00	179.65	183.30	749738.00	ff018_02.txt
0.00030600 	3267.00000000 	3267.00 	6120.00 	0.52 	 792931.00	179.69	183.21	807036.00	ff018_03.txt
0.00030600 	3267.00000000 	3267.00 	6143.00 	0.44 	 754163.00	178.81	182.30	767019.00	ff018_04.txt
0.00015562 	6425.00000000 	6425.00 	8125.00 	0.54 	 665536.00	179.26	182.24	676019.00	ff019_00.txt
0.00015562 	6425.00000000 	6425.00 	8125.00 	0.55 	 696074.00	179.30	182.19	706962.00	ff019_01.txt
0.00015562 	6425.00000000 	6425.00 	8136.00 	0.52 	 667995.00	177.70	180.68	678550.00	ff019_02.txt
0.00015562 	6425.00000000 	6425.00 	8128.00 	0.46 	 690140.00	178.77	181.68	701131.00	ff019_03.txt
0.00015562 	6425.00000000 	6425.00 	8135.00 	0.51 	 657532.00	178.77	181.74	668525.00	ff019_04.txt
0.00013953 	7166.00000000 	7166.00 	8514.00 	0.45 	 632441.00	179.20	182.46	643596.00	ff020_00.txt
0.00013953 	7166.00000000 	7166.00 	8511.00 	0.50 	 644632.00	177.25	180.53	655448.00	ff020_01.txt
0.00013953 	7166.00000000 	7166.00 	8509.00 	0.50 	 660187.00	178.81	182.06	671884.00	ff020_02.txt
0.00013953 	7166.00000000 	7166.00 	8508.00 	0.43 	 657977.00	177.85	180.96	668802.00	ff020_03.txt
0.00013953 	7166.00000000 	7166.00 	8508.00 	0.48 	 662166.00	176.95	180.27	673924.00	ff020_04.txt
0.00013822 	7234.00000000 	7234.00 	8953.00 	0.43 	 662061.00	178.45	181.70	674253.00	ff021_00.txt
0.00013822 	7234.00000000 	7234.00 	8954.00 	0.44 	 656440.00	178.75	182.01	668360.00	ff021_01.txt
0.00013822 	7234.00000000 	7234.00 	8956.00 	0.41 	 657040.00	177.98	181.06	668482.00	ff021_02.txt
0.00013822 	7234.00000000 	7234.00 	8952.00 	0.39 	 661396.00	179.40	182.62	673169.00	ff021_03.txt
0.00013822 	7234.00000000 	7234.00 	8957.00 	0.46 	 652347.00	177.65	180.69	663134.00	ff021_04.txt
0.00014136 	7073.00000000 	7073.00 	8598.00 	0.44 	 671700.00	180.02	183.06	682602.00	ff022_00.txt
0.00014136 	7073.00000000 	7073.00 	8593.00 	0.44 	 655319.00	177.28	180.30	666424.00	ff022_01.txt
0.00014136 	7073.00000000 	7073.00 	8594.00 	0.49 	 655765.00	178.31	181.13	665310.00	ff022_02.txt
0.00014136 	7073.00000000 	7073.00 	8596.00 	0.46 	 651027.00	178.01	181.16	662166.00	ff022_03.txt
0.00014136 	7073.00000000 	7073.00 	8588.00 	0.48 	 651607.00	177.64	180.75	662678.00	ff022_04.txt
0.00018594 	5377.00000000 	5377.00 	7495.00 	0.40 	 658814.00	178.35	181.23	669192.00	ff023_00.txt
0.00018594 	5377.00000000 	5377.00 	7498.00 	0.40 	 678139.00	178.41	181.54	689572.00	ff023_01.txt
0.00018594 	5377.00000000 	5377.00 	7494.00 	0.45 	 686989.00	177.42	180.25	697194.00	ff023_02.txt
0.00018594 	5377.00000000 	5377.00 	7494.00 	0.51 	 689048.00	179.04	181.96	700115.00	ff023_03.txt
0.00018594 	5377.00000000 	5377.00 	7494.00 	0.49 	 678338.00	178.57	181.44	688700.00	ff023_04.txt
0.00014110 	7086.00000000 	7086.00 	9386.00 	0.46 	 628555.00	177.03	180.74	640669.00	ff024_00.txt
0.00014110 	7086.00000000 	7086.00 	9376.00 	0.50 	 620222.00	178.90	182.90	632391.00	ff024_01.txt
0.00014110 	7086.00000000 	7086.00 	9389.00 	0.44 	 625008.00	178.34	182.16	636552.00	ff024_02.txt
0.00014110 	7086.00000000 	7086.00 	9376.00 	0.54 	 615744.00	176.34	180.27	628533.00	ff024_03.txt
0.00014110 	7086.00000000 	7086.00 	9376.00 	0.46 	 636414.00	178.93	182.59	647688.00	ff024_04.txt
0.00013407 	7458.00000000 	7458.00 	8816.00 	0.55 	 642323.00	177.90	180.54	651623.00	ff025_00.txt
0.00013407 	7458.00000000 	7458.00 	8807.00 	0.45 	 626253.00	179.61	182.35	635263.00	ff025_01.txt
0.00013407 	7458.00000000 	7458.00 	8813.00 	0.51 	 637887.00	178.38	181.17	647524.00	ff025_02.txt
0.00013407 	7458.00000000 	7458.00 	8814.00 	0.51 	 626263.00	177.77	180.44	635264.00	ff025_03.txt
0.00013407 	7458.00000000 	7458.00 	8813.00 	0.50 	 629021.00	179.14	181.76	637925.00	ff025_04.txt
0.00010941 	9139.00000000 	9139.00 	10460.00 	0.52 	 665786.00	178.57	181.42	676225.00	ff026_00.txt
0.00010941 	9139.00000000 	9139.00 	10464.00 	0.43 	 670660.00	179.10	181.90	680839.00	ff026_01.txt
0.00010941 	9139.00000000 	9139.00 	10460.00 	0.51 	 670385.00	178.73	181.40	679486.00	ff026_02.txt
0.00010941 	9139.00000000 	9139.00 	10460.00 	0.48 	 652489.00	178.50	181.11	661530.00	ff026_03.txt
0.00010941 	9139.00000000 	9139.00 	10460.00 	0.48 	 661726.00	179.22	182.13	672155.00	ff026_04.txt
0.00013046 	7664.00000000 	7664.00 	10046.00 	0.60 	 608831.00	177.66	181.66	620951.00	ff027_00.txt
0.00013046 	7664.00000000 	7664.00 	10046.00 	0.37 	 606133.00	176.51	180.24	617579.00	ff027_01.txt
0.00013046 	7664.00000000 	7664.00 	10038.00 	0.57 	 627147.00	178.00	181.65	638469.00	ff027_02.txt
0.00013046 	7664.00000000 	7664.00 	10042.00 	0.52 	 624066.00	178.37	182.16	636066.00	ff027_03.txt
0.00013046 	7664.00000000 	7664.00 	10046.00 	0.45 	 612750.00	176.34	180.10	624572.00	ff027_04.txt
0.00016625 	6014.00000000 	6014.00 	8351.00 	0.63 	 637967.00	176.92	180.03	649052.00	ff028_00.txt
0.00016625 	6014.00000000 	6014.00 	8338.00 	0.48 	 633925.00	178.67	181.70	644102.00	ff028_01.txt
0.00016625 	6014.00000000 	6014.00 	8347.00 	0.50 	 676681.00	177.95	180.73	686673.00	ff028_02.txt
0.00016625 	6014.00000000 	6014.00 	8350.00 	0.54 	 659196.00	180.06	183.08	669105.00	ff028_03.txt
0.00016625 	6014.00000000 	6014.00 	8344.00 	0.51 	 645976.00	178.83	181.63	655751.00	ff028_04.txt
0.00018727 	5339.00000000 	5339.00 	7964.00 	0.43 	 660885.00	176.53	180.26	674005.00	ff029_00.txt
0.00018727 	5339.00000000 	5339.00 	7961.00 	0.49 	 699587.00	176.63	180.15	712010.00	ff029_01.txt
0.00018727 	5339.00000000 	5339.00 	7965.00 	0.48 	 693154.00	178.63	182.37	706310.00	ff029_02.txt
0.00018727 	5339.00000000 	5339.00 	7961.00 	0.44 	 653557.00	177.80	181.57	666112.00	ff029_03.txt
0.00018727 	5339.00000000 	5339.00 	7965.00 	0.40 	 650882.00	177.03	180.68	662834.00	ff029_04.txt
0.00015147 	6601.00000000 	6601.00 	7841.00 	0.51 	 700692.00	179.99	183.37	713300.00	ff030_00.txt
0.00015147 	6601.00000000 	6601.00 	7840.00 	0.49 	 660356.00	177.65	180.90	671440.00	ff030_01.txt
0.00015147 	6601.00000000 	6601.00 	7843.00 	0.43 	 668127.00	176.93	180.04	679403.00	ff030_02.txt
0.00015147 	6601.00000000 	6601.00 	7849.00 	0.51 	 645535.00	177.81	181.20	656958.00	ff030_03.txt
0.00015147 	6601.00000000 	6601.00 	7846.00 	0.39 	 685086.00	176.93	180.19	695963.00	ff030_04.txt
0.00010121 	9879.00000000 	9879.00 	11176.00 	0.55 	 643314.00	178.39	181.09	652454.00	ff031_00.txt
0.00010121 	9879.00000000 	9879.00 	11171.00 	0.54 	 654306.00	179.54	182.24	663933.00	ff031_01.txt
0.00010121 	9879.00000000 	9879.00 	11171.00 	0.44 	 654509.00	178.73	181.75	665217.00	ff031_02.txt
0.00010121 	9879.00000000 	9879.00 	11174.00 	0.46 	 652590.00	177.64	180.13	661297.00	ff031_03.txt
0.00010121 	9879.00000000 	9879.00 	11167.00 	0.49 	 633302.00	177.79	180.44	642221.00	ff031_04.txt
0.00011777 	8490.00000000 	8490.00 	9841.00 	0.44 	 641430.00	177.64	180.57	651759.00	ff032_00.txt
0.00011777 	8490.00000000 	8490.00 	9846.00 	0.55 	 636170.00	177.90	180.97	646292.00	ff032_01.txt
0.00011777 	8490.00000000 	8490.00 	9843.00 	0.34 	 653017.00	179.34	182.47	664108.00	ff032_02.txt
0.00011777 	8490.00000000 	8490.00 	9843.00 	0.55 	 652108.00	178.86	181.85	662579.00	ff032_03.txt
0.00011777 	8490.00000000 	8490.00 	9851.00 	0.46 	 646786.00	178.53	181.54	657056.00	ff032_04.txt
0.00014152 	7065.00000000 	7065.00 	8513.00 	0.51 	 625273.00	178.23	181.20	635311.00	ff033_00.txt
0.00014152 	7065.00000000 	7065.00 	8510.00 	0.49 	 637884.00	177.61	180.72	648975.00	ff033_01.txt
0.00014152 	7065.00000000 	7065.00 	8514.00 	0.52 	 639813.00	178.90	181.93	649110.00	ff033_02.txt
0.00014152 	7065.00000000 	7065.00 	8514.00 	0.51 	 639717.00	178.62	181.71	650243.00	ff033_03.txt
0.00014152 	7065.00000000 	7065.00 	8511.00 	0.44 	 629504.00	178.55	181.84	640384.00	ff033_04.txt
0.00011759 	8503.00000000 	8503.00 	9559.00 	0.45 	 693090.00	177.48	180.01	701675.00	ff034_00.txt
0.00011759 	8503.00000000 	8503.00 	9552.00 	0.49 	 678229.00	178.07	180.59	687098.00	ff034_01.txt
0.00011759 	8503.00000000 	8503.00 	9558.00 	0.44 	 678271.00	178.26	180.77	687173.00	ff034_02.txt
0.00011759 	8503.00000000 	8503.00 	9554.00 	0.54 	 681897.00	178.27	180.96	691913.00	ff034_03.txt
0.00011759 	8503.00000000 	8503.00 	9555.00 	0.52 	 667764.00	177.32	180.06	677497.00	ff034_04.txt
0.00014923 	6700.00000000 	6700.00 	8204.00 	0.49 	 689776.00	177.40	180.26	700433.00	ff035_00.txt
0.00014923 	6700.00000000 	6700.00 	8198.00 	0.51 	 691228.00	178.22	181.19	702262.00	ff035_01.txt
0.00014923 	6700.00000000 	6700.00 	8202.00 	0.46 	 674368.00	178.41	181.30	684546.00	ff035_02.txt
0.00014923 	6700.00000000 	6700.00 	8200.00 	0.43 	 699586.00	178.72	181.58	709624.00	ff035_03.txt
0.00014923 	6700.00000000 	6700.00 	8195.00 	0.52 	 666743.00	177.37	180.28	677074.00	ff035_04.txt
0.00012587 	7944.00000000 	7944.00 	9213.00 	0.39 	 587711.00	179.20	183.74	600788.00	ff036_00.txt
0.00012587 	7944.00000000 	7944.00 	9214.00 	0.48 	 561014.00	176.59	180.75	572099.00	ff036_01.txt
0.00012587 	7944.00000000 	7944.00 	9208.00 	0.33 	 588116.00	176.84	180.72	599918.00	ff036_02.txt
0.00012587 	7944.00000000 	7944.00 	9207.00 	0.39 	 573434.00	178.88	182.76	584674.00	ff036_03.txt
0.00012587 	7944.00000000 	7944.00 	9208.00 	0.52 	 587353.00	177.04	180.95	598887.00	ff036_04.txt
0.00009680 	10330.00000000 	10330.00 	11028.00 	0.44 	 669218.00	178.18	181.11	680690.00	ff037_00.txt
0.00009680 	10330.00000000 	10330.00 	11012.00 	0.46 	 675032.00	179.21	182.04	685396.00	ff037_01.txt
0.00009680 	10330.00000000 	10330.00 	11037.00 	0.44 	 684465.00	180.05	182.89	694732.00	ff037_02.txt
0.00009680 	10330.00000000 	10330.00 	11024.00 	0.48 	 689300.00	178.84	181.54	699172.00	ff037_03.txt
0.00009680 	10330.00000000 	10330.00 	11019.00 	0.44 	 685555.00	179.66	182.18	694460.00	ff037_04.txt
0.00011182 	8942.00000000 	8942.00 	10209.00 	0.43 	 648914.00	179.50	182.26	658197.00	ff038_00.txt
0.00011182 	8942.00000000 	8942.00 	10211.00 	0.54 	 657721.00	178.40	181.09	667189.00	ff038_01.txt
0.00011182 	8942.00000000 	8942.00 	10208.00 	0.56 	 646340.00	178.20	181.28	657279.00	ff038_02.txt
0.00011182 	8942.00000000 	8942.00 	10207.00 	0.40 	 653736.00	180.07	182.82	663161.00	ff038_03.txt
0.00011182 	8942.00000000 	8942.00 	10203.00 	0.46 	 657715.00	177.67	180.40	667479.00	ff038_04.txt
0.00012880 	7763.00000000 	7763.00 	8873.00 	0.52 	 631378.00	179.50	183.13	642784.00	ff039_00.txt
0.00012880 	7763.00000000 	7763.00 	8865.00 	0.39 	 629077.00	177.43	180.88	640471.00	ff039_01.txt
0.00012880 	7763.00000000 	7763.00 	8863.00 	0.44 	 652518.00	179.35	182.67	662881.00	ff039_02.txt
0.00012880 	7763.00000000 	7763.00 	8870.00 	0.45 	 647996.00	178.53	182.12	660055.00	ff039_03.txt
0.00012880 	7763.00000000 	7763.00 	8866.00 	0.49 	 648743.00	177.08	180.69	661022.00	ff039_04.txt
0.00013401 	7461.00000000 	7461.00 	8457.00 	0.48 	 649381.00	178.45	181.09	658896.00	ff040_00.txt
0.00013401 	7461.00000000 	7461.00 	8460.00 	0.46 	 649766.00	178.95	181.68	659810.00	ff040_01.txt
0.00013401 	7461.00000000 	7461.00 	8451.00 	0.60 	 656925.00	179.28	182.00	666497.00	ff040_02.txt
0.00013401 	7461.00000000 	7461.00 	8460.00 	0.56 	 656335.00	179.68	182.33	665441.00	ff040_03.txt
0.00013401 	7461.00000000 	7461.00 	8456.00 	0.55 	 668235.00	179.46	181.82	676210.00	ff040_04.txt
0.00013872 	7208.00000000 	7208.00 	8280.00 	0.56 	 674800.00	178.84	181.66	684979.00	ff041_00.txt
0.00013872 	7208.00000000 	7208.00 	8288.00 	0.46 	 659853.00	178.77	181.59	669743.00	ff041_01.txt
0.00013872 	7208.00000000 	7208.00 	8282.00 	0.57 	 668468.00	180.01	182.62	677656.00	ff041_02.txt
0.00013872 	7208.00000000 	7208.00 	8287.00 	0.52 	 671395.00	177.76	180.46	681095.00	ff041_03.txt
0.00013872 	7208.00000000 	7208.00 	8284.00 	0.57 	 666168.00	179.59	182.29	675948.00	ff041_04.txt
0.00009547 	10473.00000000 	10473.00 	11442.00 	0.41 	 680459.00	178.89	181.84	691217.00	ff042_00.txt
0.00009547 	10473.00000000 	10473.00 	11438.00 	0.46 	 671779.00	179.48	182.22	681379.00	ff042_01.txt
0.00009547 	10473.00000000 	10473.00 	11430.00 	0.44 	 670219.00	178.91	181.64	679882.00	ff042_02.txt
0.00009547 	10473.00000000 	10473.00 	11438.00 	0.44 	 680213.00	179.39	182.06	689842.00	ff042_03.txt
0.00009547 	10473.00000000 	10473.00 	11451.00 	0.49 	 693300.00	178.88	181.46	702405.00	ff042_04.txt
0.00010328 	9681.00000000 	9681.00 	10528.00 	0.45 	 640927.00	178.51	180.97	649534.00	ff043_00.txt
0.00010328 	9681.00000000 	9681.00 	10515.00 	0.57 	 663336.00	179.73	182.30	672163.00	ff043_01.txt
0.00010328 	9681.00000000 	9681.00 	10522.00 	0.49 	 651831.00	177.82	180.46	661159.00	ff043_02.txt
0.00010328 	9681.00000000 	9681.00 	10513.00 	0.55 	 667686.00	178.85	181.28	676529.00	ff043_03.txt
0.00010328 	9681.00000000 	9681.00 	10495.00 	0.41 	 661679.00	177.68	180.30	670462.00	ff043_04.txt
0.00012844 	7785.00000000 	7785.00 	9307.00 	0.52 	 670348.00	179.96	182.82	680512.00	ff044_00.txt
0.00012844 	7785.00000000 	7785.00 	9311.00 	0.39 	 658581.00	178.40	181.19	668281.00	ff044_01.txt
0.00012844 	7785.00000000 	7785.00 	9313.00 	0.51 	 639021.00	178.40	181.30	648799.00	ff044_02.txt
0.00012844 	7785.00000000 	7785.00 	9313.00 	0.39 	 656698.00	178.21	181.03	666802.00	ff044_03.txt
0.00012844 	7785.00000000 	7785.00 	9318.00 	0.46 	 629626.00	177.30	180.16	639597.00	ff044_04.txt
0.00011554 	8654.00000000 	8654.00 	9618.00 	0.52 	 670815.00	179.45	181.92	679497.00	ff045_00.txt
0.00011554 	8654.00000000 	8654.00 	9613.00 	0.54 	 646639.00	177.72	180.45	656150.00	ff045_01.txt
0.00011554 	8654.00000000 	8654.00 	9612.00 	0.49 	 660672.00	179.58	182.49	670551.00	ff045_02.txt
0.00011554 	8654.00000000 	8654.00 	9607.00 	0.54 	 658069.00	178.25	180.92	667496.00	ff045_03.txt
0.00011554 	8654.00000000 	8654.00 	9605.00 	0.50 	 662754.00	178.55	181.25	672610.00	ff045_04.txt
0.00010009 	9990.00000000 	9990.00 	11217.00 	0.55 	 651462.00	179.67	182.36	660708.00	ff046_00.txt
0.00010009 	9990.00000000 	9990.00 	11194.00 	0.50 	 647344.00	178.29	180.91	656490.00	ff046_01.txt
0.00010009 	9990.00000000 	9990.00 	11189.00 	0.54 	 658552.00	178.78	181.53	668420.00	ff046_02.txt
0.00010009 	9990.00000000 	9990.00 	11194.00 	0.39 	 656575.00	179.45	181.87	664685.00	ff046_03.txt
0.00010009 	9990.00000000 	9990.00 	11213.00 	0.45 	 624632.00	178.42	180.96	633216.00	ff046_04.txt
0.00009931 	10068.00000000 	10068.00 	10800.00 	0.54 	 657443.00	177.82	180.27	665705.00	ff047_00.txt
0.00009931 	10068.00000000 	10068.00 	10796.00 	0.43 	 660412.00	179.74	182.40	670177.00	ff047_01.txt
0.00009931 	10068.00000000 	10068.00 	10799.00 	0.40 	 662248.00	178.26	180.71	670543.00	ff047_02.txt
0.00009931 	10068.00000000 	10068.00 	10788.00 	0.41 	 645151.00	178.40	180.99	653817.00	ff047_03.txt
0.00009931 	10068.00000000 	10068.00 	10801.00 	0.49 	 641128.00	179.09	181.83	650413.00	ff047_04.txt
0.00008537 	11713.00000000 	11713.00 	12273.00 	0.43 	 670647.00	178.85	181.54	680309.00	ff048_00.txt
0.00008537 	11713.00000000 	11713.00 	12289.00 	0.45 	 661140.00	178.44	180.96	670038.00	ff048_01.txt
0.00008537 	11713.00000000 	11713.00 	12288.00 	0.48 	 667331.00	179.17	182.05	677998.00	ff048_02.txt
0.00008537 	11713.00000000 	11713.00 	12289.00 	0.44 	 672533.00	178.13	180.87	682303.00	ff048_03.txt
0.00008537 	11713.00000000 	11713.00 	12280.00 	0.51 	 680453.00	179.78	182.52	690163.00	ff048_04.txt
0.00011758 	8504.00000000 	8504.00 	10189.00 	0.43 	 673350.00	178.68	181.40	683297.00	ff049_00.txt
0.00011758 	8504.00000000 	8504.00 	10185.00 	0.50 	 699768.00	178.60	181.29	709790.00	ff049_01.txt
0.00011758 	8504.00000000 	8504.00 	10186.00 	0.50 	 670117.00	178.29	181.05	680188.00	ff049_02.txt
0.00011758 	8504.00000000 	8504.00 	10174.00 	0.49 	 687141.00	178.63	181.39	697567.00	ff049_03.txt
0.00011758 	8504.00000000 	8504.00 	10175.00 	0.57 	 660939.00	178.03	180.65	670130.00	ff049_04.txt
0.00012255 	8159.00000000 	8159.00 	9027.00 	0.55 	 671178.00	179.59	182.24	680522.00	ff050_00.txt
0.00012255 	8159.00000000 	8159.00 	9032.00 	0.45 	 666366.00	177.99	180.57	675173.00	ff050_01.txt
0.00012255 	8159.00000000 	8159.00 	9026.00 	0.48 	 682640.00	179.68	182.55	693263.00	ff050_02.txt
0.00012255 	8159.00000000 	8159.00 	9024.00 	0.55 	 656530.00	178.80	181.57	666539.00	ff050_03.txt
0.00012255 	8159.00000000 	8159.00 	9021.00 	0.52 	 661593.00	178.66	181.37	671187.00	ff050_04.txt
0.00010565 	9464.00000000 	9464.00 	10503.00 	0.55 	 663211.00	178.02	180.67	672923.00	ff051_00.txt
0.00010565 	9464.00000000 	9464.00 	10494.00 	0.59 	 660898.00	178.40	180.80	669482.00	ff051_01.txt
0.00010565 	9464.00000000 	9464.00 	10469.00 	0.55 	 681460.00	179.98	182.40	690384.00	ff051_02.txt
0.00010565 	9464.00000000 	9464.00 	10473.00 	0.46 	 669153.00	178.39	180.87	678260.00	ff051_03.txt
0.00010565 	9464.00000000 	9464.00 	10470.00 	0.55 	 679768.00	178.36	180.79	688508.00	ff051_04.txt
0.00010896 	9177.00000000 	9177.00 	10361.00 	0.52 	 676951.00	179.95	182.64	687440.00	ff052_00.txt
0.00010896 	9177.00000000 	9177.00 	10360.00 	0.50 	 675641.00	179.57	181.99	684283.00	ff052_01.txt
0.00010896 	9177.00000000 	9177.00 	10359.00 	0.50 	 690121.00	180.07	182.83	700374.00	ff052_02.txt
0.00010896 	9177.00000000 	9177.00 	10368.00 	0.55 	 655682.00	178.58	181.10	664269.00	ff052_03.txt
0.00010896 	9177.00000000 	9177.00 	10368.00 	0.56 	 680140.00	179.61	182.17	689431.00	ff052_04.txt
0.00011135 	8980.00000000 	8980.00 	10181.00 	0.56 	 672631.00	178.35	181.02	682120.00	ff053_00.txt
0.00011135 	8980.00000000 	8980.00 	10169.00 	0.45 	 663478.00	179.78	182.61	673188.00	ff053_01.txt
0.00011135 	8980.00000000 	8980.00 	10178.00 	0.45 	 665166.00	179.11	182.14	675919.00	ff053_02.txt
0.00011135 	8980.00000000 	8980.00 	10196.00 	0.60 	 653810.00	179.23	181.96	663452.00	ff053_03.txt
0.00011135 	8980.00000000 	8980.00 	10176.00 	0.57 	 668821.00	178.59	181.47	679988.00	ff053_04.txt
0.00011510 	8687.00000000 	8687.00 	9415.00 	0.48 	 657116.00	179.83	182.44	666444.00	ff054_00.txt
0.00011510 	8687.00000000 	8687.00 	9422.00 	0.50 	 636520.00	178.01	180.42	644623.00	ff054_01.txt
0.00011510 	8687.00000000 	8687.00 	9413.00 	0.54 	 662258.00	178.22	180.62	671289.00	ff054_02.txt
0.00011510 	8687.00000000 	8687.00 	9414.00 	0.56 	 649269.00	179.07	181.81	658482.00	ff054_03.txt
0.00011510 	8687.00000000 	8687.00 	9417.00 	0.56 	 655228.00	179.92	182.44	663553.00	ff054_04.txt
0.00009206 	10861.00000000 	10861.00 	11599.00 	0.50 	 687866.00	178.46	180.84	696740.00	ff055_00.txt
0.00009206 	10861.00000000 	10861.00 	11585.00 	0.60 	 677857.00	178.99	181.44	686398.00	ff055_01.txt
0.00009206 	10861.00000000 	10861.00 	11582.00 	0.54 	 664397.00	179.69	182.49	672670.00	ff055_02.txt
0.00009206 	10861.00000000 	10861.00 	11588.00 	0.44 	 659542.00	178.32	180.76	668167.00	ff055_03.txt
0.00009206 	10861.00000000 	10861.00 	11592.00 	0.63 	 678270.00	179.93	182.35	686560.00	ff055_04.txt
0.00009715 	10292.00000000 	10292.00 	11074.00 	0.52 	 663321.00	179.66	182.36	672983.00	ff056_00.txt
0.00009715 	10292.00000000 	10292.00 	11077.00 	0.48 	 655579.00	177.43	180.12	664922.00	ff056_01.txt
0.00009715 	10292.00000000 	10292.00 	11079.00 	0.45 	 665239.00	179.37	182.15	675454.00	ff056_02.txt
0.00009715 	10292.00000000 	10292.00 	11078.00 	0.48 	 652216.00	178.11	180.87	661586.00	ff056_03.txt
0.00009715 	10292.00000000 	10292.00 	11074.00 	0.44 	 658739.00	179.74	182.38	668530.00	ff056_04.txt
0.00012752 	7841.00000000 	7841.00 	9222.00 	0.38 	 627956.00	177.46	181.13	639501.00	ff057_00.txt
0.00012752 	7841.00000000 	7841.00 	9199.00 	0.49 	 646206.00	179.99	183.58	658104.00	ff057_01.txt
0.00012752 	7841.00000000 	7841.00 	9199.00 	0.50 	 657360.00	178.67	181.90	668557.00	ff057_02.txt
0.00012752 	7841.00000000 	7841.00 	9210.00 	0.40 	 609022.00	178.34	181.85	619852.00	ff057_03.txt
0.00012752 	7841.00000000 	7841.00 	9208.00 	0.44 	 606509.00	178.13	181.76	617771.00	ff057_04.txt
0.00009433 	10600.00000000 	10600.00 	12034.00 	0.51 	 694769.00	179.50	182.01	704260.00	ff058_00.txt
0.00009433 	10600.00000000 	10600.00 	12049.00 	0.44 	 654178.00	178.40	181.02	663503.00	ff058_01.txt
0.00009433 	10600.00000000 	10600.00 	12063.00 	0.50 	 682316.00	179.96	182.52	691591.00	ff058_02.txt
0.00009433 	10600.00000000 	10600.00 	12050.00 	0.49 	 670306.00	178.91	181.35	679283.00	ff058_03.txt
0.00009433 	10600.00000000 	10600.00 	12060.00 	0.49 	 688443.00	178.03	180.83	698583.00	ff058_04.txt
0.00011450 	8733.00000000 	8733.00 	9815.00 	0.52 	 610088.00	179.75	182.33	618538.00	ff059_00.txt
0.00011450 	8733.00000000 	8733.00 	9822.00 	0.51 	 631637.00	179.99	182.72	640975.00	ff059_01.txt
0.00011450 	8733.00000000 	8733.00 	9825.00 	0.60 	 613160.00	180.06	182.70	621430.00	ff059_02.txt
0.00011450 	8733.00000000 	8733.00 	9807.00 	0.49 	 636565.00	179.39	182.17	646190.00	ff059_03.txt
0.00011450 	8733.00000000 	8733.00 	9816.00 	0.51 	 613885.00	178.03	180.65	622203.00	ff059_04.txt
0.00009693 	10316.00000000 	10316.00 	11539.00 	0.43 	 667622.00	178.62	181.24	677047.00	ff060_00.txt
0.00009693 	10316.00000000 	10316.00 	11511.00 	0.54 	 672895.00	179.56	182.05	682063.00	ff060_01.txt
0.00009693 	10316.00000000 	10316.00 	11511.00 	0.48 	 685998.00	178.66	181.08	694358.00	ff060_02.txt
0.00009693 	10316.00000000 	10316.00 	11559.00 	0.46 	 660698.00	179.53	182.12	669787.00	ff060_03.txt
0.00009693 	10316.00000000 	10316.00 	11511.00 	0.48 	 674094.00	178.62	180.96	682298.00	ff060_04.txt
0.00008578 	11657.00000000 	11657.00 	12592.00 	0.55 	 653999.00	179.68	182.32	663239.00	ff061_00.txt
0.00008578 	11657.00000000 	11657.00 	12598.00 	0.41 	 672845.00	179.95	182.59	682213.00	ff061_01.txt
0.00008578 	11657.00000000 	11657.00 	12580.00 	0.46 	 657295.00	177.62	180.07	665984.00	ff061_02.txt
0.00008578 	11657.00000000 	11657.00 	12592.00 	0.57 	 671835.00	177.88	180.47	681225.00	ff061_03.txt
0.00008578 	11657.00000000 	11657.00 	12600.00 	0.46 	 662197.00	177.71	180.28	671309.00	ff061_04.txt
0.00010054 	9945.00000000 	9945.00 	10872.00 	0.45 	 675033.00	178.84	181.46	684618.00	ff062_00.txt
0.00010054 	9945.00000000 	9945.00 	10868.00 	0.51 	 684287.00	178.57	181.09	693322.00	ff062_01.txt
0.00010054 	9945.00000000 	9945.00 	10880.00 	0.41 	 677164.00	178.83	181.43	686697.00	ff062_02.txt
0.00010054 	9945.00000000 	9945.00 	10881.00 	0.49 	 647434.00	178.20	180.60	656087.00	ff062_03.txt
0.00010054 	9945.00000000 	9945.00 	10870.00 	0.49 	 659146.00	178.65	181.26	668486.00	ff062_04.txt
0.00009978 	10021.00000000 	10021.00 	10973.00 	0.52 	 678949.00	179.18	181.86	688542.00	ff063_00.txt
0.00009978 	10021.00000000 	10021.00 	10961.00 	0.43 	 671313.00	180.03	182.57	679976.00	ff063_01.txt
0.00009978 	10021.00000000 	10021.00 	10967.00 	0.55 	 667161.00	178.93	181.50	676354.00	ff063_02.txt
0.00009978 	10021.00000000 	10021.00 	10985.00 	0.43 	 660219.00	177.94	180.62	669884.00	ff063_03.txt
0.00009978 	10021.00000000 	10021.00 	10976.00 	0.50 	 670956.00	179.80	182.45	680027.00	ff063_04.txt
0.00009396 	10642.00000000 	10642.00 	11710.00 	0.48 	 680121.00	177.97	180.45	688701.00	ff064_00.txt
0.00009396 	10642.00000000 	10642.00 	11676.00 	0.54 	 666811.00	178.80	181.15	674435.00	ff064_01.txt
0.00009396 	10642.00000000 	10642.00 	11726.00 	0.62 	 667430.00	179.25	181.55	675456.00	ff064_02.txt
0.00009396 	10642.00000000 	10642.00 	11847.00 	0.46 	 658579.00	178.74	181.39	667790.00	ff064_03.txt
0.00009396 	10642.00000000 	10642.00 	11685.00 	0.50 	 684029.00	178.54	180.87	691953.00	ff064_04.txt
0.00010382 	9631.00000000 	9631.00 	10859.00 	0.52 	 668554.00	180.03	182.56	677257.00	ff065_00.txt
0.00010382 	9631.00000000 	9631.00 	10861.00 	0.49 	 657861.00	177.41	180.07	667463.00	ff065_01.txt
0.00010382 	9631.00000000 	9631.00 	10865.00 	0.51 	 641844.00	179.26	181.95	650823.00	ff065_02.txt
0.00010382 	9631.00000000 	9631.00 	10860.00 	0.57 	 655433.00	177.80	180.26	664217.00	ff065_03.txt
0.00010382 	9631.00000000 	9631.00 	10850.00 	0.54 	 648631.00	179.00	181.52	657436.00	ff065_04.txt
0.00008329 	12005.00000000 	12005.00 	12734.00 	0.46 	 668791.00	178.57	181.07	677451.00	ff066_00.txt
0.00008329 	12005.00000000 	12005.00 	12746.00 	0.55 	 652723.00	179.08	181.76	661559.00	ff066_01.txt
0.00008329 	12005.00000000 	12005.00 	12741.00 	0.49 	 651187.00	178.26	181.14	660708.00	ff066_02.txt
0.00008329 	12005.00000000 	12005.00 	12737.00 	0.56 	 642556.00	179.14	181.90	651900.00	ff066_03.txt
0.00008329 	12005.00000000 	12005.00 	12731.00 	0.43 	 660691.00	179.06	181.68	669524.00	ff066_04.txt
0.00009459 	10571.00000000 	10571.00 	11128.00 	0.50 	 638258.00	177.51	180.10	646950.00	ff067_00.txt
0.00009459 	10571.00000000 	10571.00 	11140.00 	0.40 	 637299.00	177.85	180.60	646445.00	ff067_01.txt
0.00009459 	10571.00000000 	10571.00 	11131.00 	0.45 	 634897.00	178.71	181.21	643494.00	ff067_02.txt
0.00009459 	10571.00000000 	10571.00 	11140.00 	0.44 	 633780.00	177.85	180.70	643687.00	ff067_03.txt
0.00009459 	10571.00000000 	10571.00 	11140.00 	0.45 	 639735.00	178.12	180.56	648175.00	ff067_04.txt
0.00008335 	11996.00000000 	11996.00 	13012.00 	0.63 	 668155.00	177.75	180.12	676671.00	ff068_00.txt
0.00008335 	11996.00000000 	11996.00 	12998.00 	0.65 	 676200.00	179.75	182.32	685367.00	ff068_01.txt
0.00008335 	11996.00000000 	11996.00 	13021.00 	0.46 	 667344.00	177.82	180.21	675738.00	ff068_02.txt
0.00008335 	11996.00000000 	11996.00 	13061.00 	0.55 	 661552.00	178.41	180.74	669981.00	ff068_03.txt
0.00008335 	11996.00000000 	11996.00 	13051.00 	0.50 	 661949.00	178.30	180.81	670660.00	ff068_04.txt
0.00008819 	11338.00000000 	11338.00 	11908.00 	0.48 	 680810.00	179.65	182.13	689776.00	ff069_00.txt
0.00008819 	11338.00000000 	11338.00 	11900.00 	0.50 	 668795.00	179.06	181.48	677307.00	ff069_01.txt
0.00008819 	11338.00000000 	11338.00 	11897.00 	0.44 	 688179.00	180.08	182.66	697618.00	ff069_02.txt
0.00008819 	11338.00000000 	11338.00 	11884.00 	0.46 	 672579.00	178.82	181.29	681248.00	ff069_03.txt
0.00008819 	11338.00000000 	11338.00 	11890.00 	0.51 	 661800.00	179.31	181.98	670776.00	ff069_04.txt
