0.00013702 	7297.00000000 	7297.00 	8966.00 	0.56 	 649914.00	177.91	180.68	659729.00	ss000_00.txt
0.00013702 	7297.00000000 	7297.00 	8980.00 	0.57 	 651854.00	179.32	182.15	661184.00	ss000_01.txt
0.00013702 	7297.00000000 	7297.00 	8979.00 	0.64 	 643106.00	179.89	182.34	651677.00	ss000_02.txt
0.00013702 	7297.00000000 	7297.00 	8972.00 	0.52 	 633358.00	179.49	182.40	643124.00	ss000_03.txt
0.00013702 	7297.00000000 	7297.00 	8950.00 	0.55 	 642532.00	178.89	181.70	652744.00	ss000_04.txt
0.00021872 	4571.00000000 	4571.00 	8853.00 	0.46 	 673275.00	177.33	181.07	685977.00	ss001_00.txt
0.00021872 	4571.00000000 	4571.00 	8858.00 	0.49 	 733337.00	176.86	180.60	747785.00	ss001_01.txt
0.00021872 	4571.00000000 	4571.00 	8856.00 	0.44 	 700783.00	178.68	182.36	713105.00	ss001_02.txt
0.00021872 	4571.00000000 	4571.00 	8850.00 	0.46 	 738115.00	178.47	182.16	752202.00	ss001_03.txt
0.00021872 	4571.00000000 	4571.00 	8855.00 	0.43 	 740982.00	178.90	182.38	754702.00	ss001_04.txt
0.00012958 	7716.00000000 	7716.00 	9660.00 	0.51 	 647053.00	177.31	180.32	657600.00	ss002_00.txt
0.00012958 	7716.00000000 	7716.00 	9659.00 	0.43 	 672313.00	179.56	182.39	682798.00	ss002_01.txt
0.00012958 	7716.00000000 	7716.00 	9652.00 	0.43 	 658731.00	178.17	181.07	668411.00	ss002_02.txt
0.00012958 	7716.00000000 	7716.00 	9657.00 	0.38 	 679416.00	179.12	181.80	689022.00	ss002_03.txt
0.00012958 	7716.00000000 	7716.00 	9648.00 	0.44 	 659148.00	177.71	180.57	669452.00	ss002_04.txt
0.00024546 	4073.00000000 	4073.00 	9232.00 	0.60 	 725162.00	178.53	182.01	737748.00	ss003_00.txt
0.00024546 	4073.00000000 	4073.00 	9219.00 	0.46 	 769853.00	177.68	181.00	782900.00	ss003_01.txt
0.00024546 	4073.00000000 	4073.00 	9219.00 	0.39 	 743860.00	179.32	182.70	756975.00	ss003_02.txt
0.00024546 	4073.00000000 	4073.00 	9209.00 	0.43 	 766959.00	178.84	182.28	780491.00	ss003_03.txt
0.00024546 	4073.00000000 	4073.00 	9219.00 	0.44 	 766015.00	179.14	182.36	778214.00	ss003_04.txt
0.00016469 	6071.00000000 	6071.00 	8323.00 	0.50 	 706158.00	179.18	181.99	716495.00	ss004_00.txt
0.00016469 	6071.00000000 	6071.00 	8330.00 	0.52 	 703994.00	179.97	182.77	714523.00	ss004_01.txt
0.00016469 	6071.00000000 	6071.00 	8329.00 	0.46 	 696440.00	177.37	180.19	707437.00	ss004_02.txt
0.00016469 	6071.00000000 	6071.00 	8323.00 	0.54 	 703518.00	177.96	180.85	714436.00	ss004_03.txt
0.00016469 	6071.00000000 	6071.00 	8315.00 	0.44 	 676075.00	178.03	181.05	686968.00	ss004_04.txt
0.00016639 	6009.00000000 	6009.00 	7695.00 	0.51 	 632520.00	178.07	180.95	642160.00	ss005_00.txt
0.00016639 	6009.00000000 	6009.00 	7694.00 	0.46 	 628974.00	177.55	180.66	639341.00	ss005_01.txt
0.00016639 	6009.00000000 	6009.00 	7704.00 	0.51 	 609579.00	177.28	180.30	619485.00	ss005_02.txt
0.00016639 	6009.00000000 	6009.00 	7702.00 	0.44 	 633681.00	179.21	182.46	644816.00	ss005_03.txt
0.00016639 	6009.00000000 	6009.00 	7709.00 	0.44 	 609152.00	178.33	181.13	618509.00	ss005_04.txt
0.00018288 	5467.00000000 	5467.00 	9724.00 	0.60 	 717079.00	176.18	180.03	730939.00	ss006_00.txt
0.00018288 	5467.00000000 	5467.00 	9726.00 	0.45 	 727703.00	179.96	183.84	741573.00	ss006_01.txt
0.00018288 	5467.00000000 	5467.00 	9728.00 	0.51 	 724287.00	177.36	181.08	738378.00	ss006_02.txt
0.00018288 	5467.00000000 	5467.00 	9726.00 	0.50 	 729385.00	177.72	181.40	742586.00	ss006_03.txt
0.00018288 	5467.00000000 	5467.00 	9713.00 	0.42 	 763727.00	176.69	180.05	777443.00	ss006_04.txt
0.00025833 	3870.00000000 	3870.00 	8614.00 	0.48 	 793804.00	178.70	181.99	807565.00	ss007_00.txt
0.00025833 	3870.00000000 	3870.00 	8618.00 	0.51 	 764860.00	176.77	180.18	777553.00	ss007_01.txt
0.00025833 	3870.00000000 	3870.00 	8624.00 	0.55 	 839292.00	178.62	182.01	853788.00	ss007_02.txt
0.00025833 	3870.00000000 	3870.00 	8633.00 	0.50 	 779433.00	177.29	180.86	793988.00	ss007_03.txt
0.00025833 	3870.00000000 	3870.00 	8609.00 	0.45 	 810939.00	179.82	183.58	825167.00	ss007_04.txt
0.00011387 	8781.00000000 	8781.00 	10257.00 	0.50 	 669854.00	178.76	181.35	678830.00	ss008_00.txt
0.00011387 	8781.00000000 	8781.00 	10265.00 	0.44 	 669974.00	178.50	181.05	678706.00	ss008_01.txt
0.00011387 	8781.00000000 	8781.00 	10267.00 	0.50 	 665998.00	178.23	180.96	675940.00	ss008_02.txt
0.00011387 	8781.00000000 	8781.00 	10268.00 	0.54 	 660494.00	179.17	181.84	670116.00	ss008_03.txt
0.00011387 	8781.00000000 	8781.00 	10266.00 	0.49 	 657793.00	179.36	182.03	667007.00	ss008_04.txt
0.00026961 	3708.00000000 	3708.00 	11160.00 	0.52 	 792440.00	180.00	183.43	806202.00	ss009_00.txt
0.00026961 	3708.00000000 	3708.00 	11213.00 	0.52 	 789815.00	177.77	181.17	804671.00	ss009_01.txt
0.00026961 	3708.00000000 	3708.00 	11132.00 	0.38 	 861086.00	179.43	182.57	875498.00	ss009_02.txt
0.00026961 	3708.00000000 	3708.00 	11152.00 	0.48 	 802065.00	176.93	180.33	816038.00	ss009_03.txt
0.00026961 	3708.00000000 	3708.00 	11153.00 	0.46 	 811431.00	179.86	183.17	824731.00	ss009_04.txt
0.00013784 	7254.00000000 	7254.00 	8559.00 	0.39 	 656386.00	177.85	181.63	667957.00	ss010_00.txt
0.00013784 	7254.00000000 	7254.00 	8558.00 	0.46 	 650175.00	179.10	182.97	661976.00	ss010_01.txt
0.00013784 	7254.00000000 	7254.00 	8557.00 	0.50 	 636715.00	178.80	182.71	649630.00	ss010_02.txt
0.00013784 	7254.00000000 	7254.00 	8556.00 	0.45 	 640890.00	177.81	181.28	651808.00	ss010_03.txt
0.00013784 	7254.00000000 	7254.00 	8557.00 	0.39 	 642650.00	179.36	183.02	654468.00	ss010_04.txt
0.00012002 	8331.00000000 	8331.00 	10353.00 	0.50 	 712690.00	179.50	182.22	722808.00	ss011_00.txt
0.00012002 	8331.00000000 	8331.00 	10355.00 	0.44 	 686918.00	179.83	182.63	696978.00	ss011_01.txt
0.00012002 	8331.00000000 	8331.00 	10353.00 	0.55 	 701123.00	179.39	182.14	711436.00	ss011_02.txt
0.00012002 	8331.00000000 	8331.00 	10360.00 	0.52 	 705433.00	179.40	182.18	715596.00	ss011_03.txt
0.00012002 	8331.00000000 	8331.00 	10357.00 	0.42 	 700565.00	179.32	182.07	710758.00	ss011_04.txt
0.00017091 	5850.00000000 	5850.00 	8111.00 	0.44 	 712194.00	178.53	181.79	723774.00	ss012_00.txt
0.00017091 	5850.00000000 	5850.00 	8107.00 	0.38 	 714759.00	177.44	180.59	726091.00	ss012_01.txt
0.00017091 	5850.00000000 	5850.00 	8119.00 	0.51 	 688222.00	178.89	182.34	700276.00	ss012_02.txt
0.00017091 	5850.00000000 	5850.00 	8114.00 	0.45 	 700212.00	178.04	181.45	712271.00	ss012_03.txt
0.00017091 	5850.00000000 	5850.00 	8114.00 	0.46 	 691298.00	179.88	183.54	704145.00	ss012_04.txt
0.00017340 	5766.00000000 	5766.00 	8358.00 	0.50 	 672384.00	178.68	182.06	683963.00	ss013_00.txt
0.00017340 	5766.00000000 	5766.00 	8340.00 	0.50 	 683879.00	178.15	181.56	695888.00	ss013_01.txt
0.00017340 	5766.00000000 	5766.00 	8363.00 	0.46 	 648892.00	178.13	181.85	661449.00	ss013_02.txt
0.00017340 	5766.00000000 	5766.00 	8333.00 	0.52 	 703744.00	179.59	183.09	716322.00	ss013_03.txt
0.00017340 	5766.00000000 	5766.00 	8356.00 	0.44 	 654858.00	178.93	182.43	666615.00	ss013_04.txt
0.00012812 	7804.00000000 	7804.00 	9219.00 	0.46 	 658262.00	178.07	180.73	667603.00	ss014_00.txt
0.00012812 	7804.00000000 	7804.00 	9231.00 	0.48 	 638740.00	178.41	181.10	648142.00	ss014_01.txt
0.00012812 	7804.00000000 	7804.00 	9218.00 	0.48 	 663393.00	178.85	181.55	673071.00	ss014_02.txt
0.00012812 	7804.00000000 	7804.00 	9236.00 	0.44 	 647757.00	177.66	180.50	657961.00	ss014_03.txt
0.00012812 	7804.00000000 	7804.00 	9207.00 	0.49 	 646930.00	179.44	182.49	657042.00	ss014_04.txt
0.00013870 	7209.00000000 	7209.00 	8895.00 	0.54 	 667608.00	178.83	181.52	677207.00	ss015_00.txt
0.00013870 	7209.00000000 	7209.00 	8898.00 	0.40 	 641012.00	179.55	182.47	651152.00	ss015_01.txt
0.00013870 	7209.00000000 	7209.00 	8898.00 	0.51 	 663520.00	179.55	182.37	673690.00	ss015_02.txt
0.00013870 	7209.00000000 	7209.00 	8892.00 	0.43 	 671625.00	179.61	182.53	682156.00	ss015_03.txt
0.00013870 	7209.00000000 	7209.00 	8906.00 	0.44 	 644914.00	177.35	180.06	654696.00	ss015_04.txt
0.00018474 	5412.00000000 	5412.00 	7544.00 	0.50 	 691791.00	178.30	181.20	702326.00	ss016_00.txt
0.00018474 	5412.00000000 	5412.00 	7547.00 	0.51 	 648602.00	179.26	182.22	659128.00	ss016_01.txt
0.00018474 	5412.00000000 	5412.00 	7550.00 	0.51 	 675813.00	179.85	182.79	686264.00	ss016_02.txt
0.00018474 	5412.00000000 	5412.00 	7555.00 	0.40 	 666379.00	177.97	181.00	677285.00	ss016_03.txt
0.00018474 	5412.00000000 	5412.00 	7545.00 	0.54 	 672139.00	178.79	181.72	682450.00	ss016_04.txt
0.00013701 	7298.00000000 	7298.00 	9826.00 	0.46 	 671508.00	177.52	180.82	682990.00	ss017_00.txt
0.00013701 	7298.00000000 	7298.00 	9830.00 	0.44 	 632483.00	178.29	181.58	643324.00	ss017_01.txt
0.00013701 	7298.00000000 	7298.00 	9834.00 	0.45 	 658104.00	178.58	181.88	669002.00	ss017_02.txt
0.00013701 	7298.00000000 	7298.00 	9834.00 	0.54 	 659598.00	178.49	182.06	671783.00	ss017_03.txt
0.00013701 	7298.00000000 	7298.00 	9834.00 	0.49 	 654394.00	180.00	183.04	664577.00	ss017_04.txt
0.00012687 	7881.00000000 	7881.00 	9245.00 	0.45 	 688909.00	178.00	180.41	697955.00	ss018_00.txt
0.00012687 	7881.00000000 	7881.00 	9252.00 	0.46 	 661332.00	178.58	181.06	670142.00	ss018_01.txt
0.00012687 	7881.00000000 	7881.00 	9253.00 	0.61 	 671654.00	179.40	181.84	680280.00	ss018_02.txt
0.00012687 	7881.00000000 	7881.00 	9236.00 	0.45 	 669711.00	178.00	180.54	679105.00	ss018_03.txt
0.00012687 	7881.00000000 	7881.00 	9269.00 	0.48 	 667426.00	178.39	180.97	676787.00	ss018_04.txt
0.00010946 	9135.00000000 	9135.00 	10389.00 	0.51 	 645205.00	178.25	180.90	653957.00	ss019_00.txt
0.00010946 	9135.00000000 	9135.00 	10394.00 	0.48 	 654449.00	178.81	181.36	663206.00	ss019_01.txt
0.00010946 	9135.00000000 	9135.00 	10392.00 	0.51 	 642078.00	179.11	181.85	651060.00	ss019_02.txt
0.00010946 	9135.00000000 	9135.00 	10410.00 	0.49 	 659157.00	179.04	181.86	668793.00	ss019_03.txt
0.00010946 	9135.00000000 	9135.00 	10384.00 	0.49 	 663263.00	179.07	181.92	673422.00	ss019_04.txt
0.00011585 	8631.00000000 	8631.00 	10308.00 	0.44 	 662886.00	179.66	182.41	672391.00	ss020_00.txt
0.00011585 	8631.00000000 	8631.00 	10313.00 	0.44 	 658636.00	178.65	181.42	667720.00	ss020_01.txt
0.00011585 	8631.00000000 	8631.00 	10322.00 	0.54 	 651040.00	178.10	180.74	660349.00	ss020_02.txt
0.00011585 	8631.00000000 	8631.00 	10312.00 	0.38 	 653200.00	178.08	180.80	663108.00	ss020_03.txt
0.00011585 	8631.00000000 	8631.00 	10321.00 	0.49 	 647994.00	179.87	182.73	657761.00	ss020_04.txt
0.00013732 	7281.00000000 	7281.00 	9100.00 	0.50 	 657106.00	179.26	183.31	670324.00	ss021_00.txt
0.00013732 	7281.00000000 	7281.00 	9085.00 	0.55 	 654816.00	178.51	182.19	666647.00	ss021_01.txt
0.00013732 	7281.00000000 	7281.00 	9102.00 	0.43 	 610797.00	177.61	181.46	623253.00	ss021_02.txt
0.00013732 	7281.00000000 	7281.00 	9099.00 	0.42 	 635242.00	175.98	180.05	647422.00	ss021_03.txt
0.00013732 	7281.00000000 	7281.00 	9088.00 	0.51 	 618299.00	179.62	183.62	631228.00	ss021_04.txt
0.00009524 	10499.00000000 	10499.00 	12290.00 	0.55 	 665257.00	178.20	180.70	674517.00	ss022_00.txt
0.00009524 	10499.00000000 	10499.00 	12263.00 	0.52 	 664486.00	179.92	182.65	674342.00	ss022_01.txt
0.00009524 	10499.00000000 	10499.00 	12257.00 	0.48 	 665712.00	178.25	180.93	675124.00	ss022_02.txt
0.00009524 	10499.00000000 	10499.00 	12287.00 	0.60 	 647841.00	177.59	180.30	657327.00	ss022_03.txt
0.00009524 	10499.00000000 	10499.00 	12329.00 	0.60 	 645628.00	178.23	181.12	655562.00	ss022_04.txt
0.00010384 	9629.00000000 	9629.00 	11506.00 	0.40 	 696981.00	178.89	181.96	708049.00	ss023_00.txt
0.00010384 	9629.00000000 	9629.00 	11508.00 	0.43 	 684190.00	178.10	180.99	694526.00	ss023_01.txt
0.00010384 	9629.00000000 	9629.00 	11512.00 	0.46 	 685829.00	178.88	181.76	695590.00	ss023_02.txt
0.00010384 	9629.00000000 	9629.00 	11508.00 	0.42 	 692308.00	178.93	182.14	704008.00	ss023_03.txt
0.00010384 	9629.00000000 	9629.00 	11516.00 	0.45 	 673619.00	177.83	180.98	685157.00	ss023_04.txt
0.00010460 	9559.00000000 	9559.00 	11260.00 	0.39 	 656723.00	179.94	182.71	666286.00	ss024_00.txt
0.00010460 	9559.00000000 	9559.00 	11267.00 	0.45 	 658903.00	178.36	180.96	667957.00	ss024_01.txt
0.00010460 	9559.00000000 	9559.00 	11254.00 	0.42 	 672293.00	178.34	181.11	682831.00	ss024_02.txt
0.00010460 	9559.00000000 	9559.00 	11233.00 	0.43 	 651848.00	177.63	180.48	661718.00	ss024_03.txt
0.00010460 	9559.00000000 	9559.00 	11276.00 	0.46 	 654747.00	178.76	181.60	664530.00	ss024_04.txt
0.00017803 	5616.00000000 	5616.00 	7763.00 	0.48 	 698465.00	178.82	182.05	709499.00	ss025_00.txt
0.00017803 	5616.00000000 	5616.00 	7789.00 	0.54 	 686050.00	177.51	180.48	697114.00	ss025_01.txt
0.00017803 	5616.00000000 	5616.00 	7776.00 	0.45 	 707391.00	180.00	183.15	719362.00	ss025_02.txt
0.00017803 	5616.00000000 	5616.00 	7785.00 	0.61 	 675018.00	178.88	182.15	687223.00	ss025_03.txt
0.00017803 	5616.00000000 	5616.00 	7793.00 	0.38 	 664793.00	177.63	180.48	675198.00	ss025_04.txt
0.00010671 	9370.00000000 	9370.00 	10675.00 	0.44 	 686491.00	179.43	182.05	696224.00	ss026_00.txt
0.00010671 	9370.00000000 	9370.00 	10637.00 	0.40 	 685679.00	179.75	182.28	694798.00	ss026_01.txt
0.00010671 	9370.00000000 	9370.00 	10627.00 	0.58 	 691774.00	178.59	181.10	701058.00	ss026_02.txt
0.00010671 	9370.00000000 	9370.00 	10657.00 	0.58 	 680035.00	179.58	182.31	689816.00	ss026_03.txt
0.00010671 	9370.00000000 	9370.00 	10636.00 	0.49 	 683386.00	179.19	181.57	691881.00	ss026_04.txt
0.00014839 	6738.00000000 	6738.00 	8459.00 	0.45 	 649420.00	177.67	180.47	659134.00	ss027_00.txt
0.00014839 	6738.00000000 	6738.00 	8441.00 	0.54 	 695393.00	179.42	181.83	704297.00	ss027_01.txt
0.00014839 	6738.00000000 	6738.00 	8438.00 	0.45 	 685373.00	178.45	181.11	694667.00	ss027_02.txt
0.00014839 	6738.00000000 	6738.00 	8440.00 	0.50 	 680033.00	178.82	181.49	689695.00	ss027_03.txt
0.00014839 	6738.00000000 	6738.00 	8452.00 	0.52 	 685490.00	178.27	180.91	694966.00	ss027_04.txt
0.00012544 	7971.00000000 	7971.00 	9851.00 	0.54 	 659132.00	179.25	182.13	669725.00	ss028_00.txt
0.00012544 	7971.00000000 	7971.00 	9848.00 	0.54 	 668393.00	179.18	182.09	678455.00	ss028_01.txt
0.00012544 	7971.00000000 	7971.00 	9860.00 	0.46 	 662800.00	177.66	180.54	673168.00	ss028_02.txt
0.00012544 	7971.00000000 	7971.00 	9868.00 	0.46 	 649527.00	178.16	180.96	659474.00	ss028_03.txt
0.00012544 	7971.00000000 	7971.00 	9857.00 	0.48 	 657175.00	178.18	181.10	667140.00	ss028_04.txt
0.00011848 	8439.00000000 	8439.00 	10356.00 	0.49 	 662208.00	178.85	182.01	673241.00	ss029_00.txt
0.00011848 	8439.00000000 	8439.00 	10362.00 	0.46 	 656343.00	178.42	181.33	666780.00	ss029_01.txt
0.00011848 	8439.00000000 	8439.00 	10368.00 	0.43 	 672301.00	177.46	180.23	682639.00	ss029_02.txt
0.00011848 	8439.00000000 	8439.00 	10364.00 	0.43 	 671941.00	177.84	180.79	682432.00	ss029_03.txt
0.00011848 	8439.00000000 	8439.00 	10366.00 	0.48 	 660463.00	177.88	180.84	670883.00	ss029_04.txt
0.00009993 	10006.00000000 	10006.00 	11285.00 	0.44 	 674135.00	179.85	182.46	683278.00	ss030_00.txt
0.00009993 	10006.00000000 	10006.00 	11306.00 	0.45 	 648074.00	177.90	180.44	657012.00	ss030_01.txt
0.00009993 	10006.00000000 	10006.00 	11305.00 	0.48 	 632774.00	177.29	180.11	642709.00	ss030_02.txt
0.00009993 	10006.00000000 	10006.00 	11296.00 	0.43 	 658378.00	177.76	180.25	667171.00	ss030_03.txt
0.00009993 	10006.00000000 	10006.00 	11276.00 	0.48 	 672066.00	177.74	180.09	680501.00	ss030_04.txt
0.00012503 	7997.00000000 	7997.00 	10033.00 	0.51 	 668192.00	177.66	180.12	677421.00	ss031_00.txt
0.00012503 	7997.00000000 	7997.00 	10033.00 	0.49 	 679011.00	178.56	181.04	687965.00	ss031_01.txt
0.00012503 	7997.00000000 	7997.00 	10017.00 	0.46 	 649987.00	177.61	180.34	659812.00	ss031_02.txt
0.00012503 	7997.00000000 	7997.00 	10028.00 	0.40 	 676390.00	178.33	180.91	685739.00	ss031_03.txt
0.00012503 	7997.00000000 	7997.00 	10012.00 	0.54 	 666237.00	179.10	181.77	675665.00	ss031_04.txt
0.00008607 	11618.00000000 	11618.00 	12426.00 	0.54 	 659587.00	177.61	180.13	668860.00	ss032_00.txt
0.00008607 	11618.00000000 	11618.00 	12386.00 	0.42 	 661421.00	179.17	181.68	670357.00	ss032_01.txt
0.00008607 	11618.00000000 	11618.00 	12384.00 	0.45 	 685287.00	180.05	182.57	694947.00	ss032_02.txt
0.00008607 	11618.00000000 	11618.00 	12363.00 	0.51 	 687042.00	179.25	181.57	695561.00	ss032_03.txt
0.00008607 	11618.00000000 	11618.00 	12373.00 	0.55 	 685345.00	179.12	181.51	693765.00	ss032_04.txt
0.00010283 	9724.00000000 	9724.00 	11235.00 	0.42 	 683491.00	179.47	182.02	692273.00	ss033_00.txt
0.00010283 	9724.00000000 	9724.00 	11225.00 	0.45 	 666713.00	179.70	182.37	676395.00	ss033_01.txt
0.00010283 	9724.00000000 	9724.00 	11226.00 	0.48 	 679333.00	178.02	180.57	688343.00	ss033_02.txt
0.00010283 	9724.00000000 	9724.00 	11225.00 	0.46 	 672618.00	179.44	182.34	683125.00	ss033_03.txt
0.00010283 	9724.00000000 	9724.00 	11238.00 	0.52 	 683624.00	179.76	182.70	694292.00	ss033_04.txt
0.00011488 	8704.00000000 	8704.00 	9945.00 	0.63 	 691287.00	180.01	182.38	699875.00	ss034_00.txt
0.00011488 	8704.00000000 	8704.00 	9954.00 	0.50 	 675607.00	177.81	180.13	684182.00	ss034_01.txt
0.00011488 	8704.00000000 	8704.00 	9942.00 	0.51 	 676426.00	178.39	180.73	684839.00	ss034_02.txt
0.00011488 	8704.00000000 	8704.00 	9903.00 	0.54 	 685501.00	178.69	181.05	693733.00	ss034_03.txt
0.00011488 	8704.00000000 	8704.00 	9949.00 	0.61 	 694135.00	179.86	182.29	702864.00	ss034_04.txt
0.00011744 	8514.00000000 	8514.00 	10181.00 	0.48 	 645265.00	178.34	180.87	654052.00	ss035_00.txt
0.00011744 	8514.00000000 	8514.00 	10173.00 	0.51 	 644170.00	179.03	181.64	653169.00	ss035_01.txt
0.00011744 	8514.00000000 	8514.00 	10170.00 	0.44 	 665721.00	179.94	182.52	675049.00	ss035_02.txt
0.00011744 	8514.00000000 	8514.00 	10165.00 	0.55 	 647089.00	177.93	180.54	656428.00	ss035_03.txt
0.00011744 	8514.00000000 	8514.00 	10174.00 	0.49 	 662230.00	178.89	181.49	671245.00	ss035_04.txt
0.00010993 	9096.00000000 	9096.00 	10552.00 	0.40 	 681355.00	178.18	181.04	692334.00	ss036_00.txt
0.00010993 	9096.00000000 	9096.00 	10549.00 	0.45 	 703069.00	179.98	182.78	713083.00	ss036_01.txt
0.00010993 	9096.00000000 	9096.00 	10555.00 	0.42 	 669597.00	177.87	180.77	680155.00	ss036_02.txt
0.00010993 	9096.00000000 	9096.00 	10528.00 	0.43 	 693529.00	179.88	182.83	704281.00	ss036_03.txt
0.00010993 	9096.00000000 	9096.00 	10559.00 	0.54 	 688639.00	179.87	182.99	700258.00	ss036_04.txt
0.00008952 	11170.00000000 	11170.00 	12195.00 	0.45 	 669129.00	178.07	180.94	678921.00	ss037_00.txt
0.00008952 	11170.00000000 	11170.00 	12216.00 	0.52 	 689430.00	180.61	183.15	699076.00	ss037_01.txt
0.00008872 	11271.00000000 	11271.00 	12225.00 	0.45 	 680243.00	178.24	180.94	689939.00	ss037_02.txt
0.00008952 	11170.00000000 	11170.00 	12200.00 	0.50 	 689896.00	180.87	182.15	694425.00	ss037_03.txt
0.00008952 	11170.00000000 	11170.00 	12178.00 	0.44 	 671461.00	177.75	180.45	680679.00	ss037_04.txt
0.00008375 	11940.00000000 	11940.00 	13170.00 	0.60 	 662832.00	177.53	180.09	671709.00	ss038_00.txt
0.00008375 	11940.00000000 	11940.00 	13167.00 	0.51 	 650088.00	178.64	181.33	659866.00	ss038_01.txt
0.00008375 	11940.00000000 	11940.00 	13154.00 	0.46 	 658541.00	179.15	181.64	666992.00	ss038_02.txt
0.00008375 	11940.00000000 	11940.00 	13168.00 	0.40 	 673080.00	179.67	182.26	682212.00	ss038_03.txt
0.00008375 	11940.00000000 	11940.00 	13174.00 	0.42 	 659512.00	177.42	180.42	670934.00	ss038_04.txt
0.00013428 	7446.00000000 	7446.00 	9044.00 	0.45 	 677021.00	178.76	181.98	687933.00	ss039_00.txt
0.00013428 	7446.00000000 	7446.00 	9041.00 	0.36 	 668423.00	177.82	180.99	679017.00	ss039_01.txt
0.00013428 	7446.00000000 	7446.00 	9040.00 	0.45 	 664216.00	179.17	182.67	675806.00	ss039_02.txt
0.00013428 	7446.00000000 	7446.00 	9036.00 	0.40 	 703295.00	179.88	182.72	713837.00	ss039_03.txt
0.00013428 	7446.00000000 	7446.00 	9041.00 	0.51 	 701851.00	179.97	183.13	713380.00	ss039_04.txt
0.00009673 	10337.00000000 	10337.00 	11639.00 	0.49 	 677879.00	177.85	180.25	686491.00	ss040_00.txt
0.00009673 	10337.00000000 	10337.00 	11655.00 	0.46 	 668141.00	178.82	181.23	676663.00	ss040_01.txt
0.00009673 	10337.00000000 	10337.00 	11632.00 	0.57 	 668894.00	177.59	180.03	677708.00	ss040_02.txt
0.00009673 	10337.00000000 	10337.00 	11643.00 	0.55 	 661520.00	178.16	180.75	670962.00	ss040_03.txt
0.00009673 	10337.00000000 	10337.00 	11624.00 	0.44 	 669034.00	178.61	181.16	678291.00	ss040_04.txt
0.00007911 	12640.00000000 	12640.00 	13541.00 	0.55 	 674072.00	178.07	180.40	682686.00	ss041_00.txt
0.00007911 	12640.00000000 	12640.00 	13519.00 	0.60 	 703331.00	180.09	182.32	711469.00	ss041_01.txt
0.00007911 	12640.00000000 	12640.00 	13516.00 	0.52 	 674340.00	177.72	180.09	682815.00	ss041_02.txt
0.00007911 	12640.00000000 	12640.00 	13527.00 	0.55 	 689382.00	179.45	181.89	697983.00	ss041_03.txt
0.00007911 	12640.00000000 	12640.00 	13533.00 	0.54 	 666265.00	179.32	181.82	675284.00	ss041_04.txt
0.00009732 	10274.00000000 	10274.00 	11466.00 	0.50 	 695874.00	179.50	182.29	706119.00	ss042_00.txt
0.00009732 	10274.00000000 	10274.00 	11467.00 	0.50 	 685211.00	179.69	182.31	693965.00	ss042_01.txt
0.00009732 	10274.00000000 	10274.00 	11461.00 	0.40 	 708709.00	178.90	181.51	718988.00	ss042_02.txt
0.00009732 	10274.00000000 	10274.00 	11463.00 	0.48 	 668360.00	178.03	180.87	678663.00	ss042_03.txt
0.00009732 	10274.00000000 	10274.00 	11454.00 	0.42 	 672619.00	177.77	180.31	681607.00	ss042_04.txt
0.00010873 	9196.00000000 	9196.00 	10836.00 	0.48 	 682408.00	179.68	182.30	692022.00	ss043_00.txt
0.00010873 	9196.00000000 	9196.00 	10856.00 	0.48 	 699687.00	179.49	182.14	709256.00	ss043_01.txt
0.00010873 	9196.00000000 	9196.00 	10822.00 	0.52 	 656305.00	177.95	180.53	665804.00	ss043_02.txt
0.00010873 	9196.00000000 	9196.00 	10867.00 	0.50 	 668347.00	178.32	180.98	678636.00	ss043_03.txt
0.00010873 	9196.00000000 	9196.00 	10867.00 	0.52 	 671349.00	179.85	182.27	680222.00	ss043_04.txt
0.00011408 	8765.00000000 	8765.00 	9974.00 	0.39 	 670365.00	178.72	181.26	679116.00	ss044_00.txt
0.00011408 	8765.00000000 	8765.00 	9959.00 	0.42 	 686285.00	179.02	181.41	695149.00	ss044_01.txt
0.00011408 	8765.00000000 	8765.00 	9974.00 	0.54 	 675404.00	179.17	181.70	684498.00	ss044_02.txt
0.00011408 	8765.00000000 	8765.00 	9981.00 	0.45 	 663034.00	178.02	180.30	671204.00	ss044_03.txt
0.00011408 	8765.00000000 	8765.00 	10002.00 	0.50 	 683458.00	179.22	181.73	692442.00	ss044_04.txt
0.00010468 	9552.00000000 	9552.00 	10808.00 	0.50 	 662273.00	178.47	181.19	672353.00	ss045_00.txt
0.00010468 	9552.00000000 	9552.00 	10822.00 	0.57 	 669644.00	177.75	180.02	677669.00	ss045_01.txt
0.00010468 	9552.00000000 	9552.00 	10806.00 	0.50 	 663277.00	179.89	182.55	672383.00	ss045_02.txt
0.00010468 	9552.00000000 	9552.00 	10799.00 	0.55 	 659952.00	179.88	182.47	668843.00	ss045_03.txt
0.00010468 	9552.00000000 	9552.00 	10782.00 	0.49 	 658426.00	177.48	180.04	667693.00	ss045_04.txt
0.00008896 	11240.00000000 	11240.00 	12343.00 	0.54 	 684803.00	178.33	180.78	694102.00	ss046_00.txt
0.00008896 	11240.00000000 	11240.00 	12381.00 	0.51 	 678150.00	178.88	181.17	686410.00	ss046_01.txt
0.00008896 	11240.00000000 	11240.00 	12340.00 	0.49 	 664540.00	177.81	180.07	672543.00	ss046_02.txt
0.00008896 	11240.00000000 	11240.00 	12341.00 	0.51 	 682437.00	180.06	182.36	690816.00	ss046_03.txt
0.00008896 	11240.00000000 	11240.00 	12359.00 	0.56 	 689253.00	179.55	181.84	697550.00	ss046_04.txt
0.00009253 	10806.00000000 	10806.00 	11917.00 	0.54 	 683324.00	179.12	181.38	691267.00	ss047_00.txt
0.00009253 	10806.00000000 	10806.00 	11890.00 	0.46 	 673068.00	178.33	180.76	681881.00	ss047_01.txt
0.00009253 	10806.00000000 	10806.00 	11932.00 	0.45 	 664576.00	179.50	181.97	673177.00	ss047_02.txt
0.00009253 	10806.00000000 	10806.00 	11899.00 	0.46 	 689291.00	178.90	181.35	698351.00	ss047_03.txt
0.00009253 	10806.00000000 	10806.00 	11893.00 	0.50 	 689736.00	177.85	180.13	697882.00	ss047_04.txt
0.00011733 	8522.00000000 	8522.00 	10371.00 	0.48 	 687973.00	179.93	182.62	697241.00	ss048_00.txt
0.00011733 	8522.00000000 	8522.00 	10386.00 	0.50 	 682090.00	178.50	181.12	691610.00	ss048_01.txt
0.00011733 	8522.00000000 	8522.00 	10374.00 	0.54 	 694545.00	179.97	182.29	702949.00	ss048_02.txt
0.00011733 	8522.00000000 	8522.00 	10370.00 	0.49 	 669514.00	178.31	180.98	679030.00	ss048_03.txt
0.00011733 	8522.00000000 	8522.00 	10375.00 	0.45 	 682033.00	179.03	181.66	691346.00	ss048_04.txt
0.00009505 	10520.00000000 	10520.00 	11919.00 	0.46 	 668081.00	177.53	180.16	678086.00	ss049_00.txt
0.00009505 	10520.00000000 	10520.00 	11910.00 	0.56 	 658796.00	178.61	181.09	667290.00	ss049_01.txt
0.00009505 	10520.00000000 	10520.00 	11904.00 	0.51 	 651739.00	179.08	181.70	660642.00	ss049_02.txt
0.00009505 	10520.00000000 	10520.00 	11921.00 	0.39 	 655495.00	179.39	182.12	665317.00	ss049_03.txt
0.00009505 	10520.00000000 	10520.00 	11914.00 	0.48 	 665932.00	179.49	182.08	675432.00	ss049_04.txt
0.00010169 	9833.00000000 	9833.00 	10839.00 	0.55 	 673863.00	179.89	182.77	684322.00	ss050_00.txt
0.00010169 	9833.00000000 	9833.00 	10853.00 	0.56 	 649446.00	177.26	180.09	659522.00	ss050_01.txt
0.00010169 	9833.00000000 	9833.00 	10858.00 	0.37 	 657561.00	177.79	180.72	668396.00	ss050_02.txt
0.00010169 	9833.00000000 	9833.00 	10856.00 	0.50 	 657965.00	178.16	180.91	667428.00	ss050_03.txt
0.00010169 	9833.00000000 	9833.00 	10867.00 	0.49 	 665732.00	179.80	182.53	674968.00	ss050_04.txt
0.00008489 	11779.00000000 	11779.00 	12764.00 	0.50 	 646344.00	179.10	181.58	655215.00	ss051_00.txt
0.00008489 	11779.00000000 	11779.00 	12767.00 	0.48 	 647545.00	178.34	181.09	657124.00	ss051_01.txt
0.00008489 	11779.00000000 	11779.00 	12760.00 	0.46 	 645307.00	178.73	181.24	653724.00	ss051_02.txt
0.00008489 	11779.00000000 	11779.00 	12791.00 	0.48 	 642209.00	179.31	181.94	651497.00	ss051_03.txt
0.00008489 	11779.00000000 	11779.00 	12756.00 	0.50 	 633718.00	178.16	180.70	642597.00	ss051_04.txt
0.00009106 	10981.00000000 	10981.00 	12222.00 	0.44 	 661216.00	178.08	180.44	669580.00	ss052_00.txt
0.00009106 	10981.00000000 	10981.00 	12209.00 	0.55 	 647639.00	177.89	180.32	655905.00	ss052_01.txt
0.00009106 	10981.00000000 	10981.00 	12207.00 	0.46 	 671799.00	178.21	180.61	680721.00	ss052_02.txt
0.00009106 	10981.00000000 	10981.00 	12206.00 	0.55 	 678266.00	178.89	181.16	686384.00	ss052_03.txt
0.00009106 	10981.00000000 	10981.00 	12148.00 	0.52 	 676736.00	178.90	181.13	684492.00	ss052_04.txt
0.00009409 	10627.00000000 	10627.00 	11637.00 	0.57 	 637753.00	179.62	182.15	646097.00	ss053_00.txt
0.00009409 	10627.00000000 	10627.00 	11672.00 	0.55 	 648464.00	179.57	182.29	658164.00	ss053_01.txt
0.00009409 	10627.00000000 	10627.00 	11672.00 	0.50 	 652303.00	179.19	181.60	660881.00	ss053_02.txt
0.00009409 	10627.00000000 	10627.00 	11662.00 	0.52 	 654022.00	179.61	181.92	661915.00	ss053_03.txt
0.00009409 	10627.00000000 	10627.00 	11680.00 	0.55 	 648236.00	178.64	181.16	656854.00	ss053_04.txt
0.00010550 	9478.00000000 	9478.00 	11114.00 	0.54 	 653850.00	177.35	180.15	663536.00	ss054_00.txt
0.00010550 	9478.00000000 	9478.00 	11085.00 	0.50 	 659057.00	179.70	182.51	669001.00	ss054_01.txt
0.00010550 	9478.00000000 	9478.00 	11123.00 	0.52 	 679434.00	179.31	182.22	689497.00	ss054_02.txt
0.00010550 	9478.00000000 	9478.00 	11102.00 	0.49 	 648174.00	178.01	180.89	658143.00	ss054_03.txt
0.00010550 	9478.00000000 	9478.00 	11102.00 	0.48 	 664857.00	178.94	181.81	675110.00	ss054_04.txt
0.00009431 	10602.00000000 	10602.00 	12020.00 	0.56 	 673593.00	179.49	182.17	682870.00	ss055_00.txt
0.00009431 	10602.00000000 	10602.00 	11959.00 	0.52 	 673245.00	179.70	182.03	681405.00	ss055_01.txt
0.00009431 	10602.00000000 	10602.00 	12011.00 	0.56 	 670898.00	178.05	180.64	680531.00	ss055_02.txt
0.00009431 	10602.00000000 	10602.00 	11890.00 	0.58 	 687936.00	179.97	182.25	696321.00	ss055_03.txt
0.00009431 	10602.00000000 	10602.00 	11907.00 	0.43 	 680488.00	178.35	180.70	688879.00	ss055_04.txt
0.00008129 	12300.00000000 	12300.00 	13320.00 	0.50 	 672462.00	178.42	180.82	680517.00	ss056_00.txt
0.00008129 	12300.00000000 	12300.00 	13308.00 	0.46 	 634973.00	178.87	181.47	644104.00	ss056_01.txt
0.00008129 	12300.00000000 	12300.00 	13320.00 	0.54 	 665408.00	177.89	180.65	675480.00	ss056_02.txt
0.00008129 	12300.00000000 	12300.00 	13271.00 	0.48 	 670932.00	179.43	181.93	679687.00	ss056_03.txt
0.00008129 	12300.00000000 	12300.00 	13328.00 	0.58 	 657675.00	178.09	180.57	666120.00	ss056_04.txt
0.00009480 	10547.00000000 	10547.00 	12113.00 	0.54 	 691700.00	179.87	182.06	699669.00	ss057_00.txt
0.00009480 	10547.00000000 	10547.00 	12097.00 	0.51 	 687277.00	177.88	180.24	695994.00	ss057_01.txt
0.00009480 	10547.00000000 	10547.00 	12095.00 	0.55 	 671187.00	177.76	180.31	680742.00	ss057_02.txt
0.00009480 	10547.00000000 	10547.00 	12084.00 	0.60 	 691493.00	177.66	180.03	700184.00	ss057_03.txt
0.00009480 	10547.00000000 	10547.00 	12091.00 	0.54 	 672539.00	178.53	181.10	681868.00	ss057_04.txt
0.00009355 	10689.00000000 	10689.00 	12068.00 	0.52 	 663175.00	179.71	182.16	671707.00	ss058_00.txt
0.00009355 	10689.00000000 	10689.00 	12064.00 	0.51 	 679546.00	178.36	180.80	687880.00	ss058_01.txt
0.00009355 	10689.00000000 	10689.00 	12111.00 	0.46 	 676854.00	179.40	181.72	685172.00	ss058_02.txt
0.00009355 	10689.00000000 	10689.00 	12083.00 	0.46 	 649298.00	178.97	181.86	659188.00	ss058_03.txt
0.00009355 	10689.00000000 	10689.00 	12063.00 	0.49 	 660205.00	179.53	181.99	668984.00	ss058_04.txt
0.00010139 	9862.00000000 	9862.00 	11155.00 	0.55 	 653975.00	178.87	181.52	663666.00	ss059_00.txt
0.00010139 	9862.00000000 	9862.00 	11153.00 	0.54 	 653560.00	179.52	182.27	663058.00	ss059_01.txt
0.00010139 	9862.00000000 	9862.00 	11149.00 	0.63 	 663079.00	179.76	182.44	672085.00	ss059_02.txt
0.00010139 	9862.00000000 	9862.00 	11147.00 	0.58 	 655977.00	177.53	180.21	665134.00	ss059_03.txt
0.00010139 	9862.00000000 	9862.00 	11144.00 	0.49 	 649670.00	178.55	181.41	658776.00	ss059_04.txt
0.00008293 	12057.00000000 	12057.00 	12936.00 	0.56 	 693719.00	179.81	182.10	701955.00	ss060_00.txt
0.00008293 	12057.00000000 	12057.00 	12971.00 	0.49 	 679353.00	178.87	181.45	687788.00	ss060_01.txt
0.00008293 	12057.00000000 	12057.00 	12920.00 	0.62 	 678383.00	178.24	180.51	686749.00	ss060_02.txt
0.00008293 	12057.00000000 	12057.00 	12967.00 	0.57 	 661481.00	178.48	180.87	670072.00	ss060_03.txt
0.00008293 	12057.00000000 	12057.00 	12904.00 	0.48 	 684190.00	179.62	181.91	692244.00	ss060_04.txt
0.00007893 	12669.00000000 	12669.00 	13453.00 	0.54 	 671940.00	179.34	181.78	680378.00	ss061_00.txt
0.00007883 	12685.00000000 	12685.00 	13582.00 	0.45 	 639996.00	178.21	180.81	648934.00	ss061_01.txt
0.00007864 	12715.00000000 	12715.00 	13558.00 	0.44 	 649802.00	180.00	182.59	658740.00	ss061_02.txt
0.00007883 	12685.00000000 	12685.00 	13589.00 	0.51 	 638608.00	178.82	181.46	647253.00	ss061_03.txt
0.00007893 	12669.00000000 	12669.00 	13488.00 	0.61 	 631527.00	179.38	182.13	640794.00	ss061_04.txt
0.00008577 	11658.00000000 	11658.00 	13065.00 	0.50 	 664270.00	177.74	180.38	673231.00	ss062_00.txt
0.00008577 	11658.00000000 	11658.00 	13044.00 	0.45 	 674274.00	179.78	182.38	683725.00	ss062_01.txt
0.00008577 	11658.00000000 	11658.00 	13017.00 	0.50 	 662175.00	177.69	180.51	672505.00	ss062_02.txt
0.00008577 	11658.00000000 	11658.00 	13022.00 	0.46 	 647808.00	178.85	181.57	657257.00	ss062_03.txt
0.00008577 	11658.00000000 	11658.00 	13033.00 	0.45 	 691963.00	179.77	182.28	700887.00	ss062_04.txt
0.00008589 	11642.00000000 	11642.00 	12498.00 	0.48 	 682137.00	180.00	182.56	691213.00	ss063_00.txt
0.00008589 	11642.00000000 	11642.00 	12513.00 	0.44 	 688461.00	178.33	180.84	697495.00	ss063_01.txt
0.00008589 	11642.00000000 	11642.00 	12502.00 	0.50 	 655532.00	178.55	181.11	664443.00	ss063_02.txt
0.00008589 	11642.00000000 	11642.00 	12485.00 	0.42 	 687739.00	179.38	181.82	696729.00	ss063_03.txt
0.00008589 	11642.00000000 	11642.00 	12502.00 	0.51 	 670904.00	178.20	180.66	679395.00	ss063_04.txt
0.00007137 	14011.00000000 	14011.00 	14889.00 	0.44 	 698781.00	179.11	181.46	707739.00	ss064_00.txt
0.00007137 	14011.00000000 	14011.00 	14897.00 	0.45 	 688212.00	179.67	181.89	696227.00	ss064_01.txt
0.00007137 	14011.00000000 	14011.00 	14827.00 	0.48 	 689005.00	179.99	182.37	697572.00	ss064_02.txt
0.00007137 	14011.00000000 	14011.00 	14880.00 	0.57 	 692171.00	178.30	180.52	700086.00	ss064_03.txt
0.00007137 	14011.00000000 	14011.00 	14856.00 	0.52 	 694923.00	177.75	180.06	703482.00	ss064_04.txt
0.00007676 	13026.00000000 	13026.00 	14026.00 	0.56 	 660880.00	179.28	181.88	670064.00	ss065_00.txt
0.00007676 	13026.00000000 	13026.00 	13997.00 	0.56 	 678416.00	178.28	180.58	686381.00	ss065_01.txt
0.00007676 	13026.00000000 	13026.00 	13950.00 	0.49 	 663322.00	178.32	180.81	672167.00	ss065_02.txt
0.00007676 	13026.00000000 	13026.00 	14047.00 	0.51 	 677740.00	177.51	180.02	686624.00	ss065_03.txt
0.00007676 	13026.00000000 	13026.00 	13958.00 	0.56 	 671484.00	178.88	181.39	680362.00	ss065_04.txt
0.00007235 	13821.00000000 	13821.00 	14901.00 	0.54 	 658078.00	178.42	180.61	665807.00	ss066_00.txt
0.00007235 	13821.00000000 	13821.00 	14733.00 	0.50 	 688001.00	180.04	182.39	696326.00	ss066_01.txt
0.00007235 	13821.00000000 	13821.00 	14730.00 	0.46 	 689555.00	178.10	180.28	697170.00	ss066_02.txt
0.00007065 	14153.00000000 	14153.00 	14822.00 	0.63 	 690650.00	179.25	181.40	698304.00	ss066_03.txt
0.00007235 	13821.00000000 	13821.00 	14770.00 	0.54 	 680797.00	177.80	180.11	689092.00	ss066_04.txt
0.00009608 	10407.00000000 	10407.00 	11493.00 	0.39 	 705797.00	177.82	180.21	714707.00	ss067_00.txt
0.00009608 	10407.00000000 	10407.00 	11481.00 	0.54 	 704957.00	179.69	182.03	713548.00	ss067_01.txt
0.00009608 	10407.00000000 	10407.00 	11511.00 	0.46 	 703519.00	179.86	182.33	712616.00	ss067_02.txt
0.00009608 	10407.00000000 	10407.00 	11500.00 	0.49 	 709492.00	179.98	182.35	718188.00	ss067_03.txt
0.00009608 	10407.00000000 	10407.00 	11511.00 	0.56 	 692844.00	178.87	181.26	701465.00	ss067_04.txt
0.00008130 	12299.00000000 	12299.00 	13099.00 	0.49 	 688532.00	178.87	181.44	697963.00	ss068_00.txt
0.00008130 	12299.00000000 	12299.00 	13105.00 	0.61 	 693600.00	178.03	180.30	701958.00	ss068_01.txt
0.00008130 	12299.00000000 	12299.00 	13067.00 	0.50 	 678583.00	178.65	181.03	687246.00	ss068_02.txt
0.00008130 	12299.00000000 	12299.00 	13124.00 	0.52 	 702211.00	177.78	180.02	710725.00	ss068_03.txt
0.00008130 	12299.00000000 	12299.00 	13120.00 	0.51 	 699081.00	178.71	180.99	707093.00	ss068_04.txt
0.00008812 	11347.00000000 	11347.00 	12320.00 	0.57 	 674316.00	177.92	180.30	682679.00	ss069_00.txt
0.00008812 	11347.00000000 	11347.00 	12341.00 	0.52 	 676267.00	178.73	181.24	685568.00	ss069_01.txt
0.00008812 	11347.00000000 	11347.00 	12310.00 	0.55 	 663505.00	179.09	181.41	671708.00	ss069_02.txt
0.00008812 	11347.00000000 	11347.00 	12351.00 	0.54 	 683366.00	179.11	181.66	692262.00	ss069_03.txt
0.00008812 	11347.00000000 	11347.00 	12327.00 	0.50 	 676199.00	179.14	181.46	684670.00	ss069_04.txt
