0.00011176 	8947.00000000 	7297.00 	8947.00 	0.51 	 687870.00	178.16	180.63	697628.00	ss000_00.txt
0.00011164 	8956.00000000 	7297.00 	8956.00 	0.46 	 703590.00	183.64	184.48	706822.00	ss000_01.txt
0.00011178 	8945.00000000 	7297.00 	8945.00 	0.49 	 700238.00	181.86	181.90	700241.00	ss000_02.txt
0.00011177 	8946.00000000 	7297.00 	8946.00 	0.45 	 699223.00	180.03	180.04	699223.00	ss000_03.txt
0.00011172 	8950.00000000 	7297.00 	8950.00 	0.49 	 700271.00	177.99	180.98	710699.00	ss000_04.txt
0.00011373 	8792.00000000 	4571.00 	8792.00 	0.45 	 900531.00	179.69	182.94	916207.00	ss001_00.txt
0.00011373 	8792.00000000 	4571.00 	8792.00 	0.50 	 914318.00	177.33	180.46	929533.00	ss001_01.txt
0.00011371 	8793.00000000 	4571.00 	8793.00 	0.45 	 883375.00	176.70	180.25	900487.00	ss001_02.txt
0.00011378 	8788.00000000 	4571.00 	8788.00 	0.49 	 914760.00	179.95	182.96	929469.00	ss001_03.txt
0.00011373 	8792.00000000 	4571.00 	8792.00 	0.56 	 894867.00	177.13	180.13	909627.00	ss001_04.txt
0.00010365 	9647.00000000 	7716.00 	9647.00 	0.45 	 689340.00	177.40	180.13	700760.00	ss002_00.txt
0.00010361 	9651.00000000 	7716.00 	9651.00 	0.39 	 698049.00	179.11	181.99	708510.00	ss002_01.txt
0.00010356 	9655.00000000 	7716.00 	9655.00 	0.48 	 694004.00	178.47	181.86	706284.00	ss002_02.txt
0.00010359 	9652.00000000 	7716.00 	9652.00 	0.48 	 703517.00	180.75	184.45	718258.00	ss002_03.txt
0.00010359 	9652.00000000 	7716.00 	9652.00 	0.43 	 700750.00	177.85	181.32	713956.00	ss002_04.txt
0.00010908 	9167.00000000 	4073.00 	9167.00 	0.56 	 975972.00	180.80	181.54	979275.00	ss003_00.txt
0.00010919 	9157.00000000 	4073.00 	9157.00 	0.55 	 969439.00	179.39	182.72	986707.00	ss003_01.txt
0.00010900 	9173.00000000 	4073.00 	9173.00 	0.45 	 977643.00	177.64	180.45	992388.00	ss003_02.txt
0.00010903 	9171.00000000 	4073.00 	9171.00 	0.57 	 937928.00	176.83	180.09	955229.00	ss003_03.txt
0.00010900 	9173.00000000 	4073.00 	9173.00 	0.50 	 972218.00	180.11	183.51	990421.00	ss003_04.txt
0.00012089 	8271.00000000 	6071.00 	8271.00 	0.46 	 726430.00	179.44	182.15	736157.00	ss004_00.txt
0.00012088 	8272.00000000 	6071.00 	8272.00 	0.52 	 719987.00	179.25	182.41	732073.00	ss004_01.txt
0.00012086 	8273.00000000 	6071.00 	8273.00 	0.52 	 736420.00	181.69	182.35	739681.00	ss004_02.txt
0.00012088 	8272.00000000 	6071.00 	8272.00 	0.50 	 718397.00	178.73	181.52	729026.00	ss004_03.txt
0.00012077 	8279.00000000 	6071.00 	8279.00 	0.57 	 741945.00	182.78	183.19	743569.00	ss004_04.txt
0.00013012 	7684.00000000 	6009.00 	7684.00 	0.48 	 613611.00	178.48	182.04	625650.00	ss005_00.txt
0.00013007 	7687.00000000 	6009.00 	7687.00 	0.55 	 616383.00	178.08	181.22	626493.00	ss005_01.txt
0.00013019 	7680.00000000 	6009.00 	7680.00 	0.54 	 612848.00	176.88	180.12	623073.00	ss005_02.txt
0.00013002 	7690.00000000 	6009.00 	7690.00 	0.44 	 620935.00	178.54	181.77	631169.00	ss005_03.txt
0.00013021 	7679.00000000 	6009.00 	7679.00 	0.57 	 614653.00	178.60	180.39	621188.00	ss005_04.txt
0.00010331 	9679.00000000 	5467.00 	9679.00 	0.40 	 961504.00	179.74	180.03	963132.00	ss006_00.txt
0.00010331 	9679.00000000 	5467.00 	9679.00 	0.49 	 963476.00	180.22	180.22	963476.00	ss006_01.txt
0.00010336 	9674.00000000 	5467.00 	9674.00 	0.45 	 979973.00	179.55	182.71	997056.00	ss006_02.txt
0.00010335 	9675.00000000 	5467.00 	9675.00 	0.52 	 995759.00	179.69	182.52	1011007.00	ss006_03.txt
0.00010346 	9665.00000000 	5467.00 	9665.00 	0.43 	 971974.00	177.86	180.38	985587.00	ss006_04.txt
0.00011763 	8500.00000000 	3870.00 	8500.00 	0.57 	 1002685.00	178.92	181.63	1016571.00	ss007_00.txt
0.00011732 	8523.00000000 	3870.00 	8523.00 	0.50 	 993134.00	179.10	181.30	1005160.00	ss007_01.txt
0.00011752 	8508.00000000 	3870.00 	8508.00 	0.46 	 983651.00	179.19	180.26	990192.00	ss007_02.txt
0.00011738 	8518.00000000 	3870.00 	8518.00 	0.48 	 994621.00	178.13	180.95	1010312.00	ss007_03.txt
0.00011763 	8500.00000000 	3870.00 	8500.00 	0.48 	 979272.00	176.97	180.37	997687.00	ss007_04.txt
0.00009764 	10241.00000000 	8781.00 	10241.00 	0.50 	 707857.00	178.59	180.07	713013.00	ss008_00.txt
0.00009778 	10226.00000000 	8781.00 	10226.00 	0.51 	 722187.00	180.78	181.51	725448.00	ss008_01.txt
0.00009763 	10242.00000000 	8781.00 	10242.00 	0.49 	 717559.00	181.57	181.58	717559.00	ss008_02.txt
0.00009768 	10236.00000000 	8781.00 	10236.00 	0.52 	 722297.00	180.10	181.08	727150.00	ss008_03.txt
0.00009779 	10225.00000000 	8781.00 	10225.00 	0.57 	 715066.00	180.26	181.12	718289.00	ss008_04.txt
0.00009137 	10944.00000000 	3708.00 	10944.00 	0.42 	 1067661.00	178.72	180.85	1079678.00	ss009_00.txt
0.00009214 	10852.00000000 	3708.00 	10852.00 	0.54 	 1086136.00	179.17	181.19	1098163.00	ss009_01.txt
0.00009115 	10970.00000000 	3708.00 	10970.00 	0.48 	 1065888.00	180.16	181.38	1072446.00	ss009_02.txt
0.00009215 	10851.00000000 	3708.00 	10851.00 	0.51 	 1101848.00	179.54	180.92	1110131.00	ss009_03.txt
0.00009131 	10951.00000000 	3708.00 	10951.00 	0.52 	 1056076.00	181.75	181.97	1057699.00	ss009_04.txt
0.00011791 	8480.00000000 	7254.00 	8480.00 	0.55 	 735850.00	181.64	183.04	742324.00	ss010_00.txt
0.00011791 	8480.00000000 	7254.00 	8480.00 	0.44 	 716223.00	178.82	182.62	731057.00	ss010_01.txt
0.00011797 	8476.00000000 	7254.00 	8476.00 	0.51 	 722354.00	178.68	182.70	737932.00	ss010_02.txt
0.00011792 	8479.00000000 	7254.00 	8479.00 	0.56 	 736966.00	183.39	183.43	736969.00	ss010_03.txt
0.00011798 	8475.00000000 	7254.00 	8475.00 	0.52 	 716282.00	178.12	181.53	729274.00	ss010_04.txt
0.00009658 	10353.00000000 	8331.00 	10353.00 	0.51 	 718282.00	179.31	182.67	731493.00	ss011_00.txt
0.00009665 	10346.00000000 	8331.00 	10346.00 	0.45 	 723983.00	179.07	182.92	738168.00	ss011_01.txt
0.00009667 	10343.00000000 	8331.00 	10343.00 	0.52 	 716897.00	178.67	181.57	729863.00	ss011_02.txt
0.00009667 	10343.00000000 	8331.00 	10343.00 	0.45 	 702672.00	176.73	180.70	718056.00	ss011_03.txt
0.00009654 	10357.00000000 	8331.00 	10357.00 	0.49 	 719462.00	180.60	182.96	729276.00	ss011_04.txt
0.00012381 	8076.00000000 	5850.00 	8076.00 	0.39 	 753160.00	175.96	180.11	769750.00	ss012_00.txt
0.00012372 	8082.00000000 	5850.00 	8082.00 	0.48 	 747374.00	178.15	181.64	760840.00	ss012_01.txt
0.00012372 	8082.00000000 	5850.00 	8082.00 	0.48 	 762088.00	177.16	180.19	773820.00	ss012_02.txt
0.00012384 	8074.00000000 	5850.00 	8074.00 	0.46 	 767577.00	179.89	183.06	780994.00	ss012_03.txt
0.00012384 	8074.00000000 	5850.00 	8074.00 	0.46 	 755085.00	177.69	180.95	767549.00	ss012_04.txt
0.00012019 	8319.00000000 	5766.00 	8319.00 	0.50 	 753336.00	176.86	180.22	766745.00	ss013_00.txt
0.00012019 	8319.00000000 	5766.00 	8319.00 	0.48 	 737855.00	178.13	181.24	749795.00	ss013_01.txt
0.00012024 	8316.00000000 	5766.00 	8316.00 	0.60 	 749044.00	178.40	182.09	764068.00	ss013_02.txt
0.00012019 	8319.00000000 	5766.00 	8319.00 	0.52 	 727741.00	176.11	180.08	744255.00	ss013_03.txt
0.00012021 	8318.00000000 	5766.00 	8318.00 	0.54 	 743128.00	177.93	180.82	754194.00	ss013_04.txt
0.00010897 	9176.00000000 	7804.00 	9176.00 	0.51 	 704108.00	180.19	183.04	713822.00	ss014_00.txt
0.00010923 	9154.00000000 	7804.00 	9154.00 	0.56 	 690733.00	177.74	180.49	700459.00	ss014_01.txt
0.00010911 	9164.00000000 	7804.00 	9164.00 	0.44 	 693328.00	177.66	180.20	702098.00	ss014_02.txt
0.00010896 	9177.00000000 	7804.00 	9177.00 	0.57 	 693981.00	177.57	180.41	704138.00	ss014_03.txt
0.00010906 	9168.00000000 	7804.00 	9168.00 	0.52 	 695109.00	179.15	180.96	701655.00	ss014_04.txt
0.00011247 	8890.00000000 	7209.00 	8890.00 	0.60 	 690402.00	180.84	182.51	696900.00	ss015_00.txt
0.00011251 	8887.00000000 	7209.00 	8887.00 	0.45 	 686536.00	178.13	180.87	695515.00	ss015_01.txt
0.00011251 	8887.00000000 	7209.00 	8887.00 	0.58 	 680544.00	178.67	182.04	692089.00	ss015_02.txt
0.00011244 	8893.00000000 	7209.00 	8893.00 	0.54 	 682117.00	179.56	182.23	691839.00	ss015_03.txt
0.00011264 	8877.00000000 	7209.00 	8877.00 	0.54 	 680754.00	178.78	181.46	690244.00	ss015_04.txt
0.00013254 	7544.00000000 	5412.00 	7544.00 	0.44 	 665898.00	180.01	181.39	670794.00	ss016_00.txt
0.00013243 	7550.00000000 	5412.00 	7550.00 	0.42 	 670926.00	178.14	181.39	682988.00	ss016_01.txt
0.00013261 	7540.00000000 	5412.00 	7540.00 	0.48 	 666419.00	179.42	182.69	677276.00	ss016_02.txt
0.00013250 	7546.00000000 	5412.00 	7546.00 	0.62 	 662223.00	177.92	180.52	672039.00	ss016_03.txt
0.00013235 	7555.00000000 	5412.00 	7555.00 	0.55 	 658556.00	177.98	182.12	673763.00	ss016_04.txt
0.00010215 	9789.00000000 	7298.00 	9789.00 	0.44 	 701395.00	178.65	181.57	711310.00	ss017_00.txt
0.00010222 	9782.00000000 	7298.00 	9782.00 	0.54 	 706780.00	182.66	182.67	706780.00	ss017_01.txt
0.00010218 	9786.00000000 	7298.00 	9786.00 	0.49 	 703677.00	177.66	181.16	716773.00	ss017_02.txt
0.00010218 	9786.00000000 	7298.00 	9786.00 	0.44 	 708265.00	179.94	183.76	722187.00	ss017_03.txt
0.00010224 	9780.00000000 	7298.00 	9780.00 	0.45 	 709443.00	179.26	181.94	719157.00	ss017_04.txt
0.00010844 	9221.00000000 	7881.00 	9221.00 	0.55 	 734673.00	180.17	180.18	734673.00	ss018_00.txt
0.00010860 	9207.00000000 	7881.00 	9207.00 	0.57 	 737313.00	180.54	180.54	737313.00	ss018_01.txt
0.00010841 	9223.00000000 	7881.00 	9223.00 	0.52 	 730809.00	178.85	180.42	737338.00	ss018_02.txt
0.00010835 	9228.00000000 	7881.00 	9228.00 	0.52 	 739712.00	181.47	182.23	742874.00	ss018_03.txt
0.00010841 	9223.00000000 	7881.00 	9223.00 	0.54 	 738163.00	181.14	181.51	739747.00	ss018_04.txt
0.00009635 	10378.00000000 	9135.00 	10378.00 	0.52 	 733567.00	181.15	182.01	736809.00	ss019_00.txt
0.00009636 	10377.00000000 	9135.00 	10377.00 	0.44 	 715329.00	179.01	181.50	724199.00	ss019_01.txt
0.00009629 	10384.00000000 	9135.00 	10384.00 	0.42 	 714477.00	179.07	181.92	724646.00	ss019_02.txt
0.00009641 	10371.00000000 	9135.00 	10371.00 	0.52 	 718146.00	180.04	180.39	719763.00	ss019_03.txt
0.00009640 	10372.00000000 	9135.00 	10372.00 	0.51 	 715046.00	178.46	180.45	721929.00	ss019_04.txt
0.00009750 	10255.00000000 	8631.00 	10255.00 	0.45 	 684543.00	180.20	182.18	692667.00	ss020_00.txt
0.00009769 	10235.00000000 	8631.00 	10235.00 	0.51 	 686850.00	179.85	180.68	690116.00	ss020_01.txt
0.00009769 	10235.00000000 	8631.00 	10235.00 	0.56 	 694129.00	180.25	181.07	697360.00	ss020_02.txt
0.00009768 	10236.00000000 	8631.00 	10236.00 	0.52 	 676969.00	178.24	180.05	683713.00	ss020_03.txt
0.00009741 	10265.00000000 	8631.00 	10265.00 	0.38 	 691649.00	179.39	180.12	694884.00	ss020_04.txt
0.00011071 	9032.00000000 	7281.00 	9032.00 	0.55 	 732977.00	178.66	181.70	744367.00	ss021_00.txt
0.00011066 	9036.00000000 	7281.00 	9036.00 	0.49 	 735080.00	179.77	182.82	747036.00	ss021_01.txt
0.00011064 	9037.00000000 	7281.00 	9037.00 	0.51 	 742212.00	180.30	182.47	752000.00	ss021_02.txt
0.00011064 	9037.00000000 	7281.00 	9037.00 	0.49 	 721815.00	178.81	181.44	732276.00	ss021_03.txt
0.00011078 	9026.00000000 	7281.00 	9026.00 	0.42 	 732116.00	178.90	182.09	745098.00	ss021_04.txt
0.00008187 	12214.00000000 	10499.00 	12214.00 	0.55 	 767223.00	180.86	181.26	768840.00	ss022_00.txt
0.00008178 	12227.00000000 	10499.00 	12227.00 	0.54 	 760620.00	179.55	180.75	765381.00	ss022_01.txt
0.00008177 	12228.00000000 	10499.00 	12228.00 	0.48 	 762379.00	179.92	181.07	766761.00	ss022_02.txt
0.00008182 	12221.00000000 	10499.00 	12221.00 	0.46 	 752909.00	178.64	180.39	759652.00	ss022_03.txt
0.00008179 	12225.00000000 	10499.00 	12225.00 	0.54 	 759581.00	179.36	180.64	764587.00	ss022_04.txt
0.00008737 	11444.00000000 	9629.00 	11444.00 	0.50 	 758771.00	178.77	180.31	764329.00	ss023_00.txt
0.00008731 	11453.00000000 	9629.00 	11453.00 	0.63 	 742597.00	178.51	180.76	752277.00	ss023_01.txt
0.00008732 	11451.00000000 	9629.00 	11451.00 	0.55 	 760956.00	179.58	180.59	765797.00	ss023_02.txt
0.00008718 	11470.00000000 	9629.00 	11470.00 	0.50 	 769462.00	179.82	180.97	774333.00	ss023_03.txt
0.00008728 	11457.00000000 	9629.00 	11457.00 	0.52 	 762082.00	179.83	181.24	767417.00	ss023_04.txt
0.00008968 	11150.00000000 	9559.00 	11150.00 	0.55 	 725429.00	180.91	180.91	725429.00	ss024_00.txt
0.00008973 	11143.00000000 	9559.00 	11143.00 	0.55 	 724108.00	179.89	181.50	730073.00	ss024_01.txt
0.00008969 	11148.00000000 	9559.00 	11148.00 	0.55 	 724890.00	180.90	180.90	724890.00	ss024_02.txt
0.00008973 	11143.00000000 	9559.00 	11143.00 	0.52 	 714220.00	178.76	181.02	723963.00	ss024_03.txt
0.00008968 	11150.00000000 	9559.00 	11150.00 	0.50 	 718412.00	179.21	180.17	721679.00	ss024_04.txt
0.00012932 	7732.00000000 	5616.00 	7732.00 	0.51 	 697295.00	178.49	180.32	705465.00	ss025_00.txt
0.00012928 	7734.00000000 	5616.00 	7734.00 	0.43 	 688990.00	178.26	181.40	700529.00	ss025_01.txt
0.00012933 	7731.00000000 	5616.00 	7731.00 	0.44 	 696534.00	180.08	183.87	709910.00	ss025_02.txt
0.00012933 	7731.00000000 	5616.00 	7731.00 	0.51 	 694843.00	179.56	183.10	708954.00	ss025_03.txt
0.00012925 	7736.00000000 	5616.00 	7736.00 	0.50 	 696280.00	178.13	181.66	709930.00	ss025_04.txt
0.00009507 	10518.00000000 	9370.00 	10518.00 	0.46 	 761203.00	181.00	181.00	761203.00	ss026_00.txt
0.00009513 	10511.00000000 	9370.00 	10511.00 	0.49 	 759964.00	181.05	181.44	761592.00	ss026_01.txt
0.00009467 	10562.00000000 	9370.00 	10562.00 	0.49 	 755473.00	179.11	180.32	759852.00	ss026_02.txt
0.00009503 	10522.00000000 	9370.00 	10522.00 	0.44 	 765847.00	179.69	180.53	768867.00	ss026_03.txt
0.00009485 	10542.00000000 	9370.00 	10542.00 	0.37 	 750885.00	179.18	180.76	756858.00	ss026_04.txt
0.00011885 	8413.00000000 	6738.00 	8413.00 	0.48 	 704627.00	180.23	180.58	706255.00	ss027_00.txt
0.00011886 	8412.00000000 	6738.00 	8412.00 	0.48 	 700084.00	178.90	180.04	704994.00	ss027_01.txt
0.00011864 	8428.00000000 	6738.00 	8428.00 	0.55 	 705259.00	178.69	180.58	713439.00	ss027_02.txt
0.00011885 	8413.00000000 	6738.00 	8413.00 	0.50 	 701853.00	180.17	181.44	706741.00	ss027_03.txt
0.00011884 	8414.00000000 	6738.00 	8414.00 	0.50 	 703995.00	178.97	181.45	713526.00	ss027_04.txt
0.00010184 	9818.00000000 	7971.00 	9818.00 	0.40 	 685801.00	178.52	180.99	694581.00	ss028_00.txt
0.00010184 	9818.00000000 	7971.00 	9818.00 	0.52 	 694326.00	180.99	182.14	699192.00	ss028_01.txt
0.00010183 	9819.00000000 	7971.00 	9819.00 	0.46 	 688648.00	178.35	180.45	695988.00	ss028_02.txt
0.00010184 	9818.00000000 	7971.00 	9818.00 	0.50 	 677971.00	177.76	180.52	687160.00	ss028_03.txt
0.00010183 	9819.00000000 	7971.00 	9819.00 	0.44 	 683514.00	177.52	180.30	693724.00	ss028_04.txt
0.00009660 	10351.00000000 	8439.00 	10351.00 	0.52 	 720237.00	179.77	182.85	732213.00	ss029_00.txt
0.00009660 	10351.00000000 	8439.00 	10351.00 	0.40 	 720727.00	180.19	183.31	733115.00	ss029_01.txt
0.00009664 	10347.00000000 	8439.00 	10347.00 	0.52 	 712180.00	179.95	181.62	718689.00	ss029_02.txt
0.00009659 	10352.00000000 	8439.00 	10352.00 	0.51 	 712941.00	179.97	181.08	717798.00	ss029_03.txt
0.00009664 	10347.00000000 	8439.00 	10347.00 	0.45 	 704398.00	177.64	180.24	713429.00	ss029_04.txt
0.00008889 	11249.00000000 	10006.00 	11249.00 	0.51 	 754973.00	179.96	181.61	761242.00	ss030_00.txt
0.00008894 	11243.00000000 	10006.00 	11243.00 	0.57 	 747511.00	178.84	180.47	754226.00	ss030_01.txt
0.00008894 	11242.00000000 	10006.00 	11242.00 	0.54 	 754812.00	181.73	182.08	756422.00	ss030_02.txt
0.00008894 	11243.00000000 	10006.00 	11243.00 	0.54 	 753966.00	179.83	181.51	760532.00	ss030_03.txt
0.00008873 	11269.00000000 	10006.00 	11269.00 	0.44 	 747370.00	180.38	180.41	747373.00	ss030_04.txt
0.00010078 	9922.00000000 	7997.00 	9922.00 	0.43 	 744989.00	180.52	180.86	746571.00	ss031_00.txt
0.00010068 	9931.00000000 	7997.00 	9931.00 	0.54 	 740085.00	179.63	180.83	744695.00	ss031_01.txt
0.00010058 	9941.00000000 	7997.00 	9941.00 	0.54 	 741676.00	180.09	180.52	743264.00	ss031_02.txt
0.00010074 	9926.00000000 	7997.00 	9926.00 	0.51 	 740561.00	179.57	180.36	743795.00	ss031_03.txt
0.00010054 	9945.00000000 	7997.00 	9945.00 	0.51 	 736843.00	179.52	180.26	740074.00	ss031_04.txt
0.00008088 	12363.00000000 	11618.00 	12363.00 	0.51 	 785714.00	179.44	180.12	788906.00	ss032_00.txt
0.00008094 	12354.00000000 	11634.00 	12354.00 	0.55 	 797431.00	181.57	181.58	797431.00	ss032_01.txt
0.00008102 	12342.00000000 	11629.00 	12342.00 	0.39 	 786281.00	179.06	180.25	790845.00	ss032_02.txt
0.00008099 	12346.00000000 	11618.00 	12346.00 	0.50 	 788458.00	179.98	180.32	790085.00	ss032_03.txt
0.00008103 	12340.00000000 	11618.00 	12340.00 	0.58 	 806249.00	180.57	180.58	806249.00	ss032_04.txt
0.00008946 	11177.00000000 	9724.00 	11177.00 	0.40 	 741468.00	179.91	181.67	749578.00	ss033_00.txt
0.00008945 	11178.00000000 	9724.00 	11178.00 	0.42 	 745872.00	179.58	181.59	753631.00	ss033_01.txt
0.00008950 	11172.00000000 	9724.00 	11172.00 	0.61 	 749561.00	179.77	180.97	754453.00	ss033_02.txt
0.00008945 	11179.00000000 	9724.00 	11179.00 	0.60 	 745253.00	179.29	181.09	752179.00	ss033_03.txt
0.00008945 	11179.00000000 	9724.00 	11179.00 	0.56 	 733016.00	180.15	180.59	734652.00	ss033_04.txt
0.00010116 	9884.00000000 	8704.00 	9884.00 	0.46 	 752258.00	179.77	180.64	755504.00	ss034_00.txt
0.00010125 	9876.00000000 	8704.00 	9876.00 	0.54 	 748708.00	179.99	180.37	750327.00	ss034_01.txt
0.00010111 	9889.00000000 	8704.00 	9889.00 	0.56 	 734876.00	179.97	180.31	736431.00	ss034_02.txt
0.00010131 	9870.00000000 	8722.00 	9870.00 	0.60 	 763895.00	180.66	180.66	763895.00	ss034_03.txt
0.00010110 	9890.00000000 	8704.00 	9890.00 	0.56 	 765479.00	180.34	181.40	770234.00	ss034_04.txt
0.00009844 	10157.00000000 	8514.00 	10157.00 	0.60 	 682620.00	179.83	182.77	692551.00	ss035_00.txt
0.00009839 	10163.00000000 	8514.00 	10163.00 	0.56 	 685309.00	179.61	181.61	693398.00	ss035_01.txt
0.00009851 	10150.00000000 	8514.00 	10150.00 	0.51 	 696796.00	182.03	182.51	698430.00	ss035_02.txt
0.00009842 	10160.00000000 	8514.00 	10160.00 	0.54 	 683212.00	178.31	180.98	693353.00	ss035_03.txt
0.00009849 	10152.00000000 	8514.00 	10152.00 	0.52 	 693855.00	179.97	181.53	700365.00	ss035_04.txt
0.00009541 	10480.00000000 	9096.00 	10480.00 	0.55 	 727273.00	179.78	180.93	732180.00	ss036_00.txt
0.00009544 	10477.00000000 	9096.00 	10477.00 	0.56 	 742586.00	181.72	182.19	744202.00	ss036_01.txt
0.00009536 	10486.00000000 	9096.00 	10486.00 	0.61 	 734216.00	181.60	183.19	740673.00	ss036_02.txt
0.00009551 	10469.00000000 	9096.00 	10469.00 	0.52 	 724201.00	178.95	181.24	732334.00	ss036_03.txt
0.00009542 	10479.00000000 	9096.00 	10479.00 	0.51 	 732007.00	178.64	180.34	738464.00	ss036_04.txt
0.00008228 	12153.00000000 	11170.00 	12153.00 	0.52 	 746300.00	180.74	180.75	746300.00	ss037_00.txt
0.00008220 	12165.00000000 	11170.00 	12165.00 	0.58 	 724539.00	179.57	181.19	730989.00	ss037_01.txt
0.00008222 	12161.00000000 	11170.00 	12161.00 	0.52 	 738823.00	179.61	180.47	742060.00	ss037_02.txt
0.00008225 	12157.00000000 	11170.00 	12157.00 	0.52 	 733875.00	180.37	181.18	737138.00	ss037_03.txt
0.00008231 	12148.00000000 	11170.00 	12148.00 	0.56 	 749904.00	181.57	182.34	753118.00	ss037_04.txt
0.00007655 	13062.00000000 	11940.00 	13062.00 	0.52 	 777275.00	180.25	181.00	780027.00	ss038_00.txt
0.00007655 	13062.00000000 	11940.00 	13062.00 	0.55 	 783218.00	181.79	181.80	783218.00	ss038_01.txt
0.00007658 	13058.00000000 	11940.00 	13058.00 	0.51 	 771390.00	179.97	181.10	776216.00	ss038_02.txt
0.00007656 	13061.00000000 	11940.00 	13061.00 	0.60 	 772682.00	180.05	180.06	772682.00	ss038_03.txt
0.00007643 	13083.00000000 	11940.00 	13083.00 	0.46 	 775606.00	180.07	180.49	777189.00	ss038_04.txt
0.00011083 	9022.00000000 	7446.00 	9022.00 	0.43 	 708277.00	178.01	181.80	722932.00	ss039_00.txt
0.00011090 	9016.00000000 	7446.00 	9016.00 	0.49 	 704916.00	178.95	182.41	717851.00	ss039_01.txt
0.00011095 	9012.00000000 	7446.00 	9012.00 	0.48 	 710838.00	179.71	183.07	723113.00	ss039_02.txt
0.00011080 	9024.00000000 	7446.00 	9024.00 	0.56 	 713387.00	177.79	180.78	724066.00	ss039_03.txt
0.00011078 	9026.00000000 	7446.00 	9026.00 	0.52 	 706288.00	178.77	181.51	716695.00	ss039_04.txt
0.00008615 	11606.00000000 	10337.00 	11606.00 	0.55 	 717955.00	179.83	180.61	721180.00	ss040_00.txt
0.00008627 	11590.00000000 	10337.00 	11590.00 	0.58 	 724324.00	179.51	181.10	730727.00	ss040_01.txt
0.00008628 	11589.00000000 	10337.00 	11589.00 	0.51 	 727410.00	181.85	181.86	727410.00	ss040_02.txt
0.00008626 	11592.00000000 	10337.00 	11592.00 	0.46 	 727831.00	179.38	180.77	732974.00	ss040_03.txt
0.00008615 	11607.00000000 	10337.00 	11607.00 	0.56 	 723374.00	180.06	181.39	728253.00	ss040_04.txt
0.00007387 	13536.00000000 	12640.00 	13536.00 	0.52 	 799867.00	180.29	180.29	799867.00	ss041_00.txt
0.00007389 	13533.00000000 	12685.00 	13533.00 	0.49 	 797274.00	179.84	180.51	800474.00	ss041_01.txt
0.00007376 	13557.00000000 	12640.00 	13557.00 	0.54 	 792770.00	179.95	180.27	794314.00	ss041_02.txt
0.00007386 	13539.00000000 	12640.00 	13539.00 	0.48 	 800382.00	180.24	180.24	800382.00	ss041_03.txt
0.00007389 	13533.00000000 	12640.00 	13533.00 	0.54 	 790616.00	179.39	180.98	796997.00	ss041_04.txt
0.00008780 	11388.00000000 	10274.00 	11388.00 	0.46 	 755369.00	178.94	180.52	761234.00	ss042_00.txt
0.00008781 	11387.00000000 	10274.00 	11387.00 	0.45 	 765632.00	179.72	180.20	767273.00	ss042_01.txt
0.00008790 	11376.00000000 	10274.00 	11376.00 	0.45 	 766547.00	179.74	180.86	771328.00	ss042_02.txt
0.00008788 	11378.00000000 	10274.00 	11378.00 	0.46 	 760955.00	180.33	181.43	765733.00	ss042_03.txt
0.00008795 	11369.00000000 	10274.00 	11369.00 	0.50 	 750678.00	178.94	180.15	755537.00	ss042_04.txt
0.00009349 	10695.00000000 	9196.00 	10695.00 	0.57 	 745493.00	180.37	180.38	745493.00	ss043_00.txt
0.00009332 	10715.00000000 	9196.00 	10715.00 	0.55 	 759250.00	180.82	180.82	759250.00	ss043_01.txt
0.00009320 	10729.00000000 	9196.00 	10729.00 	0.42 	 743242.00	180.32	180.81	744882.00	ss043_02.txt
0.00009321 	10728.00000000 	9196.00 	10728.00 	0.46 	 750468.00	181.17	181.62	752079.00	ss043_03.txt
0.00009306 	10745.00000000 	9196.00 	10745.00 	0.55 	 740101.00	179.98	180.78	743280.00	ss043_04.txt
0.00010100 	9900.00000000 	8765.00 	9900.00 	0.56 	 737294.00	179.31	180.90	743975.00	ss044_00.txt
0.00010094 	9906.00000000 	8765.00 	9906.00 	0.56 	 736602.00	180.14	180.53	738211.00	ss044_01.txt
0.00010094 	9906.00000000 	8765.00 	9906.00 	0.55 	 744908.00	182.06	182.07	744908.00	ss044_02.txt
0.00010084 	9916.00000000 	8765.00 	9916.00 	0.52 	 735303.00	179.49	180.37	738467.00	ss044_03.txt
0.00010089 	9911.00000000 	8765.00 	9911.00 	0.45 	 743404.00	179.26	180.37	748192.00	ss044_04.txt
0.00009272 	10784.00000000 	9600.00 	10784.00 	0.44 	 742353.00	180.14	180.60	743997.00	ss045_00.txt
0.00009247 	10813.00000000 	9552.00 	10813.00 	0.54 	 737462.00	180.53	181.31	740639.00	ss045_01.txt
0.00009254 	10805.00000000 	9552.00 	10805.00 	0.39 	 724888.00	179.25	180.19	728290.00	ss045_02.txt
0.00009252 	10808.00000000 	9552.00 	10808.00 	0.61 	 743638.00	180.13	180.94	746907.00	ss045_03.txt
0.00009245 	10816.00000000 	9552.00 	10816.00 	0.56 	 732793.00	180.37	181.51	737652.00	ss045_04.txt
0.00008061 	12405.00000000 	11258.00 	12405.00 	0.60 	 786489.00	180.29	180.71	788091.00	ss046_00.txt
0.00008078 	12378.00000000 	11258.00 	12378.00 	0.54 	 793058.00	179.73	180.52	796232.00	ss046_01.txt
0.00008076 	12381.00000000 	11240.00 	12381.00 	0.55 	 780727.00	180.23	180.65	782339.00	ss046_02.txt
0.00008049 	12423.00000000 	11240.00 	12423.00 	0.51 	 790452.00	179.88	180.58	793566.00	ss046_03.txt
0.00008052 	12418.00000000 	11240.00 	12418.00 	0.46 	 791033.00	180.44	180.44	791033.00	ss046_04.txt
0.00008401 	11902.00000000 	10806.00 	11902.00 	0.56 	 765951.00	180.02	180.60	768458.00	ss047_00.txt
0.00008394 	11912.00000000 	10806.00 	11912.00 	0.50 	 761059.00	179.61	180.46	764064.00	ss047_01.txt
0.00008391 	11916.00000000 	10806.00 	11916.00 	0.49 	 772852.00	181.02	181.03	772852.00	ss047_02.txt
0.00008396 	11910.00000000 	10806.00 	11910.00 	0.48 	 767884.00	180.26	180.82	770015.00	ss047_03.txt
0.00008394 	11912.00000000 	10890.00 	11912.00 	0.52 	 754215.00	179.30	180.09	757358.00	ss047_04.txt
0.00009683 	10326.00000000 	8522.00 	10326.00 	0.50 	 754351.00	179.67	181.07	759458.00	ss048_00.txt
0.00009691 	10318.00000000 	8522.00 	10318.00 	0.51 	 750381.00	180.18	182.41	759386.00	ss048_01.txt
0.00009695 	10314.00000000 	8522.00 	10314.00 	0.48 	 762028.00	181.16	181.17	762028.00	ss048_02.txt
0.00009690 	10319.00000000 	8522.00 	10319.00 	0.61 	 755108.00	180.88	181.72	758321.00	ss048_03.txt
0.00009691 	10318.00000000 	8522.00 	10318.00 	0.51 	 755225.00	180.14	182.13	763564.00	ss048_04.txt
0.00008461 	11818.00000000 	10520.00 	11818.00 	0.54 	 730817.00	180.37	181.01	733984.00	ss049_00.txt
0.00008453 	11829.00000000 	10520.00 	11829.00 	0.52 	 727863.00	180.36	180.83	729469.00	ss049_01.txt
0.00008470 	11806.00000000 	10520.00 	11806.00 	0.49 	 727845.00	179.63	181.44	735865.00	ss049_02.txt
0.00008444 	11842.00000000 	10520.00 	11842.00 	0.52 	 731377.00	179.68	180.10	733013.00	ss049_03.txt
0.00008457 	11824.00000000 	10520.00 	11824.00 	0.54 	 733526.00	179.80	180.23	735105.00	ss049_04.txt
0.00009282 	10772.00000000 	9833.00 	10772.00 	0.57 	 722674.00	181.06	181.46	724254.00	ss050_00.txt
0.00009267 	10790.00000000 	9833.00 	10790.00 	0.48 	 709175.00	178.24	180.82	719269.00	ss050_01.txt
0.00009275 	10781.00000000 	9833.00 	10781.00 	0.50 	 713540.00	180.64	180.65	713540.00	ss050_02.txt
0.00009272 	10784.00000000 	9833.00 	10784.00 	0.46 	 715469.00	181.15	182.33	720294.00	ss050_03.txt
0.00009264 	10793.00000000 	9833.00 	10793.00 	0.52 	 719771.00	180.57	180.58	719771.00	ss050_04.txt
0.00007834 	12764.00000000 	11779.00 	12764.00 	0.51 	 728444.00	179.90	180.26	730043.00	ss051_00.txt
0.00007848 	12741.00000000 	11779.00 	12741.00 	0.49 	 742915.00	181.45	181.46	742915.00	ss051_01.txt
0.00007851 	12736.00000000 	11779.00 	12736.00 	0.58 	 734230.00	180.36	180.36	734230.00	ss051_02.txt
0.00007840 	12754.00000000 	11779.00 	12754.00 	0.51 	 733575.00	180.20	180.59	735159.00	ss051_03.txt
0.00007850 	12738.00000000 	11779.00 	12738.00 	0.50 	 724501.00	179.57	180.78	729253.00	ss051_04.txt
0.00008204 	12188.00000000 	11042.00 	12188.00 	0.48 	 772432.00	180.50	180.50	772432.00	ss052_00.txt
0.00008189 	12210.00000000 	10981.00 	12210.00 	0.52 	 779042.00	180.02	180.03	779042.00	ss052_01.txt
0.00008231 	12148.00000000 	10981.00 	12148.00 	0.48 	 773645.00	180.78	180.78	773645.00	ss052_02.txt
0.00008231 	12148.00000000 	10981.00 	12148.00 	0.48 	 772835.00	179.66	180.07	774365.00	ss052_03.txt
0.00008243 	12130.00000000 	10981.00 	12130.00 	0.46 	 772005.00	180.71	180.71	772005.00	ss052_04.txt
0.00008608 	11616.00000000 	10645.00 	11616.00 	0.51 	 730602.00	179.82	180.68	733787.00	ss053_00.txt
0.00008612 	11611.00000000 	10627.00 	11611.00 	0.63 	 734208.00	179.81	180.19	735793.00	ss053_01.txt
0.00008616 	11605.00000000 	10627.00 	11605.00 	0.50 	 735511.00	179.33	180.31	738966.00	ss053_02.txt
0.00008614 	11608.00000000 	10627.00 	11608.00 	0.44 	 726983.00	179.10	180.81	733434.00	ss053_03.txt
0.00008606 	11619.00000000 	10627.00 	11619.00 	0.44 	 746562.00	181.36	181.36	746562.00	ss053_04.txt
0.00009073 	11021.00000000 	9478.00 	11021.00 	0.50 	 732186.00	179.98	182.22	740993.00	ss054_00.txt
0.00009079 	11013.00000000 	9478.00 	11013.00 	0.51 	 723777.00	181.10	181.84	727024.00	ss054_01.txt
0.00009065 	11031.00000000 	9478.00 	11031.00 	0.43 	 731476.00	179.86	182.19	739850.00	ss054_02.txt
0.00009074 	11020.00000000 	9478.00 	11020.00 	0.45 	 720200.00	178.69	181.12	729470.00	ss054_03.txt
0.00009090 	11000.00000000 	9478.00 	11000.00 	0.52 	 727701.00	179.92	181.58	733782.00	ss054_04.txt
0.00008419 	11877.00000000 	10602.00 	11877.00 	0.54 	 760238.00	180.28	180.29	760238.00	ss055_00.txt
0.00008389 	11919.00000000 	10683.00 	11919.00 	0.55 	 767175.00	180.83	181.22	768767.00	ss055_01.txt
0.00008379 	11934.00000000 	10683.00 	11934.00 	0.57 	 765578.00	180.09	180.47	767111.00	ss055_02.txt
0.00008353 	11971.00000000 	10602.00 	11971.00 	0.52 	 766432.00	180.94	180.94	766432.00	ss055_03.txt
0.00008364 	11955.00000000 	10602.00 	11955.00 	0.49 	 766208.00	180.08	180.43	767815.00	ss055_04.txt
0.00007511 	13313.00000000 	12300.00 	13313.00 	0.45 	 770859.00	180.08	180.08	770859.00	ss056_00.txt
0.00007508 	13319.00000000 	12300.00 	13319.00 	0.42 	 786972.00	180.88	180.89	786972.00	ss056_01.txt
0.00007518 	13301.00000000 	12300.00 	13301.00 	0.51 	 775805.00	181.30	181.30	775805.00	ss056_02.txt
0.00007506 	13322.00000000 	12300.00 	13322.00 	0.36 	 775069.00	179.65	181.03	781064.00	ss056_03.txt
0.00007500 	13333.00000000 	12300.00 	13333.00 	0.48 	 766631.00	180.28	181.14	769934.00	ss056_04.txt
0.00008248 	12123.00000000 	10547.00 	12123.00 	0.56 	 805009.00	180.68	180.69	805009.00	ss057_00.txt
0.00008298 	12050.00000000 	10547.00 	12050.00 	0.51 	 794245.00	180.68	180.69	794245.00	ss057_01.txt
0.00008306 	12038.00000000 	10547.00 	12038.00 	0.57 	 800805.00	180.24	180.88	803942.00	ss057_02.txt
0.00008297 	12051.00000000 	10547.00 	12051.00 	0.58 	 796864.00	180.80	180.82	796867.00	ss057_03.txt
0.00008245 	12128.00000000 	10547.00 	12128.00 	0.44 	 778864.00	179.85	180.96	783420.00	ss057_04.txt
0.00008356 	11966.00000000 	10689.00 	11966.00 	0.39 	 749052.00	179.72	181.33	755467.00	ss058_00.txt
0.00008340 	11990.00000000 	10689.00 	11990.00 	0.50 	 759752.00	179.51	180.46	764601.00	ss058_01.txt
0.00008337 	11994.00000000 	10689.00 	11994.00 	0.55 	 764433.00	180.54	181.31	767651.00	ss058_02.txt
0.00008346 	11981.00000000 	10689.00 	11981.00 	0.52 	 762017.00	180.25	180.58	763645.00	ss058_03.txt
0.00008331 	12003.00000000 	10689.00 	12003.00 	0.60 	 765104.00	179.73	180.13	766725.00	ss058_04.txt
0.00008986 	11127.00000000 	9862.00 	11127.00 	0.56 	 711617.00	181.68	181.68	711617.00	ss059_00.txt
0.00008978 	11137.00000000 	9862.00 	11137.00 	0.58 	 705442.00	179.25	180.83	711423.00	ss059_01.txt
0.00008985 	11129.00000000 	9862.00 	11129.00 	0.52 	 700848.00	179.32	180.98	707401.00	ss059_02.txt
0.00008988 	11125.00000000 	9862.00 	11125.00 	0.51 	 712476.00	180.47	182.24	718976.00	ss059_03.txt
0.00008986 	11128.00000000 	9862.00 	11128.00 	0.54 	 712420.00	181.09	181.45	714025.00	ss059_04.txt
0.00007651 	13070.00000000 	12073.00 	13070.00 	0.56 	 783549.00	180.72	180.72	783549.00	ss060_00.txt
0.00007652 	13067.00000000 	12075.00 	13067.00 	0.50 	 782073.00	180.83	180.84	782073.00	ss060_01.txt
0.00007642 	13084.00000000 	12073.00 	13084.00 	0.52 	 780205.00	180.83	180.84	780205.00	ss060_02.txt
0.00007692 	12999.00000000 	12057.00 	12999.00 	0.46 	 777835.00	179.50	180.32	781032.00	ss060_03.txt
0.00007646 	13078.00000000 	12073.00 	13078.00 	0.52 	 786110.00	180.52	180.52	786110.00	ss060_04.txt
0.00007405 	13504.00000000 	12715.00 	13504.00 	0.50 	 770753.00	179.95	180.56	772885.00	ss061_00.txt
0.00007409 	13497.00000000 	12685.00 	13497.00 	0.55 	 775125.00	180.41	180.42	775125.00	ss061_01.txt
0.00007422 	13472.00000000 	12685.00 	13472.00 	0.51 	 773360.00	179.80	180.58	776550.00	ss061_02.txt
0.00007404 	13505.00000000 	12715.00 	13505.00 	0.51 	 788720.00	180.95	180.95	788720.00	ss061_03.txt
0.00007417 	13482.00000000 	12669.00 	13482.00 	0.52 	 775589.00	180.35	180.36	775589.00	ss061_04.txt
0.00007732 	12932.00000000 	11658.00 	12932.00 	0.57 	 765142.00	180.70	181.14	766636.00	ss062_00.txt
0.00007729 	12938.00000000 	11658.00 	12938.00 	0.56 	 769700.00	179.50	180.16	772783.00	ss062_01.txt
0.00007722 	12949.00000000 	11658.00 	12949.00 	0.48 	 771773.00	180.31	180.32	771773.00	ss062_02.txt
0.00007721 	12951.00000000 	11658.00 	12951.00 	0.50 	 763902.00	181.24	181.56	765533.00	ss062_03.txt
0.00007727 	12941.00000000 	11658.00 	12941.00 	0.54 	 773862.00	181.02	181.02	773862.00	ss062_04.txt
0.00008035 	12445.00000000 	11642.00 	12445.00 	0.45 	 779149.00	180.02	180.37	780676.00	ss063_00.txt
0.00008039 	12439.00000000 	11642.00 	12439.00 	0.56 	 769517.00	181.22	181.22	769517.00	ss063_01.txt
0.00008024 	12462.00000000 	11642.00 	12462.00 	0.42 	 783715.00	181.17	181.17	783715.00	ss063_02.txt
0.00008016 	12474.00000000 	11642.00 	12474.00 	0.48 	 769806.00	179.38	180.39	773834.00	ss063_03.txt
0.00008040 	12437.00000000 	11642.00 	12437.00 	0.50 	 772837.00	180.04	180.04	772837.00	ss063_04.txt
0.00006696 	14933.00000000 	14072.00 	14933.00 	0.44 	 843841.00	179.75	180.07	845375.00	ss064_00.txt
0.00006661 	15011.00000000 	14111.00 	15011.00 	0.51 	 837047.00	180.08	180.08	837047.00	ss064_01.txt
0.00006672 	14988.00000000 	14072.00 	14988.00 	0.48 	 838430.00	180.62	180.63	838430.00	ss064_02.txt
0.00006668 	14997.00000000 	14056.00 	14997.00 	0.52 	 829156.00	179.94	180.36	830798.00	ss064_03.txt
0.00006661 	15012.00000000 	14122.00 	15012.00 	0.43 	 834025.00	180.19	180.19	834025.00	ss064_04.txt
0.00007176 	13934.00000000 	13026.00 	13934.00 	0.54 	 795296.00	180.14	180.50	796866.00	ss065_00.txt
0.00007164 	13957.00000000 	13026.00 	13957.00 	0.52 	 792314.00	180.71	180.71	792314.00	ss065_01.txt
0.00007176 	13935.00000000 	13026.00 	13935.00 	0.49 	 794418.00	179.65	180.44	797584.00	ss065_02.txt
0.00007157 	13972.00000000 	13026.00 	13972.00 	0.56 	 794265.00	180.25	180.59	795794.00	ss065_03.txt
0.00007177 	13933.00000000 	13042.00 	13933.00 	0.49 	 790447.00	179.45	180.26	793710.00	ss065_04.txt
0.00006681 	14967.00000000 	13837.00 	14967.00 	0.50 	 802943.00	180.78	180.79	802943.00	ss066_00.txt
0.00006683 	14963.00000000 	13948.00 	14963.00 	0.51 	 798159.00	179.91	180.24	799657.00	ss066_01.txt
0.00006722 	14875.00000000 	13837.00 	14875.00 	0.56 	 803596.00	180.28	180.29	803596.00	ss066_02.txt
0.00006706 	14910.00000000 	13977.00 	14910.00 	0.54 	 803595.00	180.71	180.72	803595.00	ss066_03.txt
0.00006695 	14936.00000000 	13948.00 	14936.00 	0.55 	 807484.00	180.03	180.04	807484.00	ss066_04.txt
0.00008731 	11452.00000000 	10407.00 	11452.00 	0.54 	 786088.00	180.77	180.78	786088.00	ss067_00.txt
0.00008718 	11469.00000000 	10407.00 	11469.00 	0.55 	 785778.00	179.99	180.35	787398.00	ss067_01.txt
0.00008682 	11517.00000000 	10407.00 	11517.00 	0.50 	 772359.00	180.01	180.42	773930.00	ss067_02.txt
0.00008721 	11465.00000000 	10407.00 	11465.00 	0.51 	 776523.00	179.56	180.76	780871.00	ss067_03.txt
0.00008687 	11511.00000000 	10407.00 	11511.00 	0.60 	 775302.00	180.30	181.07	778503.00	ss067_04.txt
0.00007659 	13056.00000000 	12299.00 	13056.00 	0.52 	 811381.00	179.89	180.60	814561.00	ss068_00.txt
0.00007646 	13078.00000000 	12344.00 	13078.00 	0.57 	 812333.00	180.57	180.97	813870.00	ss068_01.txt
0.00007657 	13059.00000000 	12299.00 	13059.00 	0.54 	 817058.00	179.87	180.25	818566.00	ss068_02.txt
0.00007634 	13099.00000000 	12299.00 	13099.00 	0.55 	 813079.00	180.32	180.32	813079.00	ss068_03.txt
0.00007645 	13079.00000000 	12344.00 	13079.00 	0.51 	 817910.00	180.01	180.02	817910.00	ss068_04.txt
0.00008144 	12278.00000000 	11347.00 	12278.00 	0.51 	 778896.00	180.32	181.06	782101.00	ss069_00.txt
0.00008118 	12317.00000000 	11363.00 	12317.00 	0.54 	 777828.00	180.12	180.13	777828.00	ss069_01.txt
0.00008129 	12301.00000000 	11363.00 	12301.00 	0.63 	 780968.00	180.31	180.70	782542.00	ss069_02.txt
0.00008125 	12306.00000000 	11363.00 	12306.00 	0.51 	 787724.00	181.11	181.12	787724.00	ss069_03.txt
0.00008132 	12296.00000000 	11363.00 	12296.00 	0.50 	 776180.00	180.24	180.65	777818.00	ss069_04.txt
