0.00013702 	7297.00000000 	7297.00 	8962.00 	0.44 	 811879.00	176.07	180.44	831568.00	ss000_00.txt
0.00013702 	7297.00000000 	7297.00 	8991.00 	0.55 	 803763.00	175.85	180.38	824834.00	ss000_01.txt
0.00013702 	7297.00000000 	7297.00 	8969.00 	0.56 	 808875.00	179.34	184.23	829905.00	ss000_02.txt
0.00013702 	7297.00000000 	7297.00 	8983.00 	0.49 	 815923.00	179.49	184.06	836427.00	ss000_03.txt
0.00013702 	7297.00000000 	7297.00 	8990.00 	0.54 	 805320.00	177.85	182.18	824271.00	ss000_04.txt
0.00021872 	4571.00000000 	4571.00 	8847.00 	0.44 	 1015754.00	179.81	185.20	1044478.00	ss001_00.txt
0.00021872 	4571.00000000 	4571.00 	8850.00 	0.51 	 1006409.00	176.99	182.65	1036962.00	ss001_01.txt
0.00021872 	4571.00000000 	4571.00 	8858.00 	0.46 	 1008541.00	175.66	181.54	1041176.00	ss001_02.txt
0.00021872 	4571.00000000 	4571.00 	8852.00 	0.43 	 983438.00	179.85	185.60	1011188.00	ss001_03.txt
0.00021872 	4571.00000000 	4571.00 	8848.00 	0.49 	 973067.00	174.95	180.49	1001323.00	ss001_04.txt
0.00012958 	7716.00000000 	7716.00 	9647.00 	0.51 	 856729.00	179.53	184.20	877702.00	ss002_00.txt
0.00012958 	7716.00000000 	7716.00 	9652.00 	0.52 	 838437.00	175.45	180.61	862924.00	ss002_01.txt
0.00012958 	7716.00000000 	7716.00 	9661.00 	0.43 	 832667.00	178.27	182.77	853234.00	ss002_02.txt
0.00012958 	7716.00000000 	7716.00 	9660.00 	0.44 	 820635.00	176.69	182.11	846612.00	ss002_03.txt
0.00012958 	7716.00000000 	7716.00 	9652.00 	0.45 	 841909.00	176.78	181.22	862507.00	ss002_04.txt
0.00024546 	4073.00000000 	4073.00 	9219.00 	0.46 	 1015250.00	176.30	181.48	1043047.00	ss003_00.txt
0.00024546 	4073.00000000 	4073.00 	9222.00 	0.52 	 1023711.00	176.22	181.35	1052087.00	ss003_01.txt
0.00024546 	4073.00000000 	4073.00 	9204.00 	0.44 	 1041625.00	176.62	182.10	1072642.00	ss003_02.txt
0.00024546 	4073.00000000 	4073.00 	9204.00 	0.45 	 1048841.00	176.72	181.80	1077024.00	ss003_03.txt
0.00024546 	4073.00000000 	4073.00 	9209.00 	0.52 	 1020888.00	176.94	182.36	1050454.00	ss003_04.txt
0.00016469 	6071.00000000 	6071.00 	8337.00 	0.49 	 876306.00	178.22	183.11	898238.00	ss004_00.txt
0.00016469 	6071.00000000 	6071.00 	8347.00 	0.45 	 883913.00	175.69	180.33	906562.00	ss004_01.txt
0.00016469 	6071.00000000 	6071.00 	8346.00 	0.45 	 888211.00	179.43	184.57	911972.00	ss004_02.txt
0.00016469 	6071.00000000 	6071.00 	8349.00 	0.48 	 852237.00	177.25	182.46	876661.00	ss004_03.txt
0.00016469 	6071.00000000 	6071.00 	8327.00 	0.45 	 892965.00	178.30	183.23	916482.00	ss004_04.txt
0.00016639 	6009.00000000 	6009.00 	7715.00 	0.54 	 736736.00	174.77	180.11	757725.00	ss005_00.txt
0.00016639 	6009.00000000 	6009.00 	7704.00 	0.50 	 787899.00	178.89	183.89	809307.00	ss005_01.txt
0.00016639 	6009.00000000 	6009.00 	7699.00 	0.50 	 765376.00	174.95	180.45	788616.00	ss005_02.txt
0.00016639 	6009.00000000 	6009.00 	7709.00 	0.44 	 767951.00	176.54	181.64	789387.00	ss005_03.txt
0.00016639 	6009.00000000 	6009.00 	7701.00 	0.56 	 779327.00	177.24	181.68	797578.00	ss005_04.txt
0.00018288 	5467.00000000 	5467.00 	9744.00 	0.46 	 959693.00	175.03	180.61	986949.00	ss006_00.txt
0.00018288 	5467.00000000 	5467.00 	9726.00 	0.43 	 1024231.00	178.65	184.45	1054382.00	ss006_01.txt
0.00018288 	5467.00000000 	5467.00 	9731.00 	0.37 	 1050674.00	178.69	184.08	1080236.00	ss006_02.txt
0.00018288 	5467.00000000 	5467.00 	9713.00 	0.37 	 1015727.00	176.83	182.16	1043162.00	ss006_03.txt
0.00018288 	5467.00000000 	5467.00 	9724.00 	0.45 	 1032844.00	178.66	184.43	1064601.00	ss006_04.txt
0.00025833 	3870.00000000 	3870.00 	8639.00 	0.45 	 1003374.00	178.22	183.79	1033013.00	ss007_00.txt
0.00025833 	3870.00000000 	3870.00 	8627.00 	0.37 	 1135269.00	179.62	185.32	1171026.00	ss007_01.txt
0.00025833 	3870.00000000 	3870.00 	8604.00 	0.45 	 1136156.00	179.83	184.65	1165296.00	ss007_02.txt
0.00025833 	3870.00000000 	3870.00 	8629.00 	0.40 	 1098064.00	180.12	185.68	1129585.00	ss007_03.txt
0.00025833 	3870.00000000 	3870.00 	8627.00 	0.52 	 1123801.00	179.17	184.30	1154717.00	ss007_04.txt
0.00011387 	8781.00000000 	8781.00 	10268.00 	0.43 	 825709.00	177.40	181.68	844701.00	ss008_00.txt
0.00011387 	8781.00000000 	8781.00 	10271.00 	0.44 	 843141.00	177.98	182.03	861183.00	ss008_01.txt
0.00011387 	8781.00000000 	8781.00 	10282.00 	0.50 	 811220.00	179.84	184.74	833284.00	ss008_02.txt
0.00011387 	8781.00000000 	8781.00 	10271.00 	0.48 	 799187.00	176.91	181.71	819960.00	ss008_03.txt
0.00011387 	8781.00000000 	8781.00 	10272.00 	0.48 	 833329.00	178.19	182.17	850602.00	ss008_04.txt
0.00026961 	3708.00000000 	3708.00 	11242.00 	0.46 	 1069297.00	177.19	182.33	1098614.00	ss009_00.txt
0.00026961 	3708.00000000 	3708.00 	11077.00 	0.58 	 1069764.00	178.18	183.54	1101950.00	ss009_01.txt
0.00026961 	3708.00000000 	3708.00 	11211.00 	0.48 	 1082298.00	179.41	184.83	1113756.00	ss009_02.txt
0.00026961 	3708.00000000 	3708.00 	11190.00 	0.48 	 1099688.00	177.46	182.84	1132034.00	ss009_03.txt
0.00026961 	3708.00000000 	3708.00 	11153.00 	0.52 	 1038721.00	175.35	180.60	1068753.00	ss009_04.txt
0.00013784 	7254.00000000 	7254.00 	8574.00 	0.39 	 864064.00	178.86	184.35	888860.00	ss010_00.txt
0.00013784 	7254.00000000 	7254.00 	8557.00 	0.55 	 886955.00	178.49	184.25	914780.00	ss010_01.txt
0.00013784 	7254.00000000 	7254.00 	8562.00 	0.49 	 854520.00	176.52	182.41	880871.00	ss010_02.txt
0.00013784 	7254.00000000 	7254.00 	8577.00 	0.55 	 825373.00	178.33	184.43	852427.00	ss010_03.txt
0.00013784 	7254.00000000 	7254.00 	8558.00 	0.48 	 861787.00	175.48	181.34	888192.00	ss010_04.txt
0.00012002 	8331.00000000 	8331.00 	10359.00 	0.45 	 876934.00	175.14	180.08	900743.00	ss011_00.txt
0.00012002 	8331.00000000 	8331.00 	10353.00 	0.37 	 890617.00	176.36	180.87	913512.00	ss011_01.txt
0.00012002 	8331.00000000 	8331.00 	10350.00 	0.43 	 942315.00	180.02	184.71	965996.00	ss011_02.txt
0.00012002 	8331.00000000 	8331.00 	10351.00 	0.51 	 911205.00	178.34	182.95	932965.00	ss011_03.txt
0.00012002 	8331.00000000 	8331.00 	10356.00 	0.51 	 901756.00	175.86	180.34	923991.00	ss011_04.txt
0.00017091 	5850.00000000 	5850.00 	8117.00 	0.54 	 925094.00	179.17	184.57	951260.00	ss012_00.txt
0.00017091 	5850.00000000 	5850.00 	8116.00 	0.40 	 906006.00	175.68	180.67	928626.00	ss012_01.txt
0.00017091 	5850.00000000 	5850.00 	8119.00 	0.45 	 936872.00	177.11	182.32	962308.00	ss012_02.txt
0.00017091 	5850.00000000 	5850.00 	8110.00 	0.42 	 883753.00	175.22	181.15	910087.00	ss012_03.txt
0.00017091 	5850.00000000 	5850.00 	8120.00 	0.46 	 900010.00	176.13	182.20	928786.00	ss012_04.txt
0.00017340 	5766.00000000 	5766.00 	8358.00 	0.43 	 912200.00	176.82	182.57	940416.00	ss013_00.txt
0.00017340 	5766.00000000 	5766.00 	8355.00 	0.51 	 901703.00	178.42	184.04	927551.00	ss013_01.txt
0.00017340 	5766.00000000 	5766.00 	8356.00 	0.48 	 904153.00	178.47	184.03	930945.00	ss013_02.txt
0.00017340 	5766.00000000 	5766.00 	8355.00 	0.55 	 887754.00	177.59	182.97	912981.00	ss013_03.txt
0.00017340 	5766.00000000 	5766.00 	8352.00 	0.48 	 930194.00	177.16	182.52	955832.00	ss013_04.txt
0.00012812 	7804.00000000 	7804.00 	9246.00 	0.49 	 806461.00	176.71	181.51	827289.00	ss014_00.txt
0.00012812 	7804.00000000 	7804.00 	9227.00 	0.54 	 801656.00	175.71	180.55	823070.00	ss014_01.txt
0.00012812 	7804.00000000 	7804.00 	9227.00 	0.46 	 810648.00	176.65	181.05	829864.00	ss014_02.txt
0.00012812 	7804.00000000 	7804.00 	9208.00 	0.51 	 804438.00	176.43	180.80	822911.00	ss014_03.txt
0.00012812 	7804.00000000 	7804.00 	9243.00 	0.43 	 827531.00	180.14	184.94	848936.00	ss014_04.txt
0.00013870 	7209.00000000 	7209.00 	8896.00 	0.54 	 817425.00	175.69	180.13	838316.00	ss015_00.txt
0.00013870 	7209.00000000 	7209.00 	8904.00 	0.48 	 819574.00	178.18	182.49	838030.00	ss015_01.txt
0.00013870 	7209.00000000 	7209.00 	8894.00 	0.52 	 818025.00	175.36	180.25	840254.00	ss015_02.txt
0.00013870 	7209.00000000 	7209.00 	8910.00 	0.46 	 823112.00	178.49	183.10	843454.00	ss015_03.txt
0.00013870 	7209.00000000 	7209.00 	8896.00 	0.36 	 823227.00	177.03	181.45	843119.00	ss015_04.txt
0.00018474 	5412.00000000 	5412.00 	7554.00 	0.48 	 856263.00	178.53	183.86	881716.00	ss016_00.txt
0.00018474 	5412.00000000 	5412.00 	7563.00 	0.58 	 808112.00	176.79	182.04	830650.00	ss016_01.txt
0.00018474 	5412.00000000 	5412.00 	7550.00 	0.49 	 841366.00	178.49	183.76	866075.00	ss016_02.txt
0.00018474 	5412.00000000 	5412.00 	7547.00 	0.43 	 861909.00	180.08	184.94	884320.00	ss016_03.txt
0.00018474 	5412.00000000 	5412.00 	7550.00 	0.45 	 852707.00	179.74	184.75	875369.00	ss016_04.txt
0.00013701 	7298.00000000 	7298.00 	9830.00 	0.54 	 827160.00	178.51	184.22	854091.00	ss017_00.txt
0.00013701 	7298.00000000 	7298.00 	9846.00 	0.38 	 837210.00	175.21	180.64	861968.00	ss017_01.txt
0.00013701 	7298.00000000 	7298.00 	9842.00 	0.49 	 854659.00	180.20	185.67	879191.00	ss017_02.txt
0.00013701 	7298.00000000 	7298.00 	9844.00 	0.50 	 845483.00	179.44	184.49	867933.00	ss017_03.txt
0.00013701 	7298.00000000 	7298.00 	9846.00 	0.49 	 811602.00	175.39	180.73	834989.00	ss017_04.txt
0.00012687 	7881.00000000 	7881.00 	9269.00 	0.51 	 824458.00	180.18	184.71	844559.00	ss018_00.txt
0.00012687 	7881.00000000 	7881.00 	9248.00 	0.49 	 851880.00	178.23	182.29	870109.00	ss018_01.txt
0.00012687 	7881.00000000 	7881.00 	9255.00 	0.55 	 829301.00	177.30	181.61	849486.00	ss018_02.txt
0.00012687 	7881.00000000 	7881.00 	9245.00 	0.54 	 833626.00	176.94	181.05	852568.00	ss018_03.txt
0.00012687 	7881.00000000 	7881.00 	9237.00 	0.46 	 848444.00	178.44	182.62	866882.00	ss018_04.txt
0.00010946 	9135.00000000 	9135.00 	10397.00 	0.48 	 825351.00	180.21	184.71	845595.00	ss019_00.txt
0.00010946 	9135.00000000 	9135.00 	10416.00 	0.46 	 814666.00	179.41	183.86	834308.00	ss019_01.txt
0.00010946 	9135.00000000 	9135.00 	10414.00 	0.45 	 788674.00	175.76	180.41	809797.00	ss019_02.txt
0.00010946 	9135.00000000 	9135.00 	10377.00 	0.45 	 812832.00	179.34	183.87	832545.00	ss019_03.txt
0.00010946 	9135.00000000 	9135.00 	10399.00 	0.42 	 819989.00	178.88	183.46	840550.00	ss019_04.txt
0.00011585 	8631.00000000 	8631.00 	10305.00 	0.49 	 793870.00	176.75	181.50	815030.00	ss020_00.txt
0.00011585 	8631.00000000 	8631.00 	10315.00 	0.52 	 830085.00	178.31	183.46	853197.00	ss020_01.txt
0.00011585 	8631.00000000 	8631.00 	10308.00 	0.54 	 781529.00	177.96	183.07	802526.00	ss020_02.txt
0.00011585 	8631.00000000 	8631.00 	10324.00 	0.45 	 814429.00	176.61	181.36	836395.00	ss020_03.txt
0.00011585 	8631.00000000 	8631.00 	10297.00 	0.39 	 817555.00	176.03	180.70	837711.00	ss020_04.txt
0.00013732 	7281.00000000 	7281.00 	9102.00 	0.46 	 831654.00	175.24	180.97	855443.00	ss021_00.txt
0.00013732 	7281.00000000 	7281.00 	9104.00 	0.50 	 846456.00	177.42	183.08	871191.00	ss021_01.txt
0.00013732 	7281.00000000 	7281.00 	9102.00 	0.40 	 876246.00	179.03	184.59	901092.00	ss021_02.txt
0.00013732 	7281.00000000 	7281.00 	9102.00 	0.44 	 854376.00	177.19	182.97	880527.00	ss021_03.txt
0.00013732 	7281.00000000 	7281.00 	9098.00 	0.54 	 859236.00	176.15	182.02	886346.00	ss021_04.txt
0.00009524 	10499.00000000 	10499.00 	12262.00 	0.60 	 837862.00	176.58	180.72	856022.00	ss022_00.txt
0.00009524 	10499.00000000 	10499.00 	12252.00 	0.54 	 820293.00	179.13	183.81	840335.00	ss022_01.txt
0.00009524 	10499.00000000 	10499.00 	12273.00 	0.60 	 818328.00	176.44	180.95	838490.00	ss022_02.txt
0.00009524 	10499.00000000 	10499.00 	12260.00 	0.56 	 831639.00	176.60	180.93	851325.00	ss022_03.txt
0.00009524 	10499.00000000 	10499.00 	12291.00 	0.58 	 841706.00	178.78	183.36	862978.00	ss022_04.txt
0.00010384 	9629.00000000 	9629.00 	11504.00 	0.51 	 905209.00	178.96	183.95	928782.00	ss023_00.txt
0.00010384 	9629.00000000 	9629.00 	11520.00 	0.43 	 853755.00	176.76	181.69	876317.00	ss023_01.txt
0.00010384 	9629.00000000 	9629.00 	11533.00 	0.55 	 870057.00	177.62	182.86	894861.00	ss023_02.txt
0.00010384 	9629.00000000 	9629.00 	11500.00 	0.48 	 878659.00	179.57	184.56	901984.00	ss023_03.txt
0.00010384 	9629.00000000 	9629.00 	11516.00 	0.48 	 866106.00	176.30	181.22	888013.00	ss023_04.txt
0.00010460 	9559.00000000 	9559.00 	11230.00 	0.44 	 841872.00	179.66	184.65	863921.00	ss024_00.txt
0.00010460 	9559.00000000 	9559.00 	11261.00 	0.44 	 859911.00	179.45	184.19	880721.00	ss024_01.txt
0.00010460 	9559.00000000 	9559.00 	11288.00 	0.46 	 815531.00	175.41	180.38	837457.00	ss024_02.txt
0.00010460 	9559.00000000 	9559.00 	11274.00 	0.39 	 826008.00	180.01	184.73	846017.00	ss024_03.txt
0.00010460 	9559.00000000 	9559.00 	11265.00 	0.43 	 853246.00	179.60	184.35	875811.00	ss024_04.txt
0.00017803 	5616.00000000 	5616.00 	7790.00 	0.51 	 869340.00	178.78	183.61	891073.00	ss025_00.txt
0.00017803 	5616.00000000 	5616.00 	7781.00 	0.49 	 866313.00	179.80	185.03	889854.00	ss025_01.txt
0.00017803 	5616.00000000 	5616.00 	7794.00 	0.36 	 842533.00	177.16	182.71	868733.00	ss025_02.txt
0.00017803 	5616.00000000 	5616.00 	7795.00 	0.46 	 853546.00	175.66	180.74	878259.00	ss025_03.txt
0.00017803 	5616.00000000 	5616.00 	7789.00 	0.49 	 853996.00	175.57	180.19	875392.00	ss025_04.txt
0.00010671 	9370.00000000 	9370.00 	10664.00 	0.51 	 867229.00	177.21	181.88	890661.00	ss026_00.txt
0.00010671 	9370.00000000 	9370.00 	10627.00 	0.46 	 858671.00	178.04	182.31	878380.00	ss026_01.txt
0.00010671 	9370.00000000 	9370.00 	10648.00 	0.42 	 856943.00	176.54	180.73	877088.00	ss026_02.txt
0.00010671 	9370.00000000 	9370.00 	10654.00 	0.46 	 876376.00	179.26	183.79	897156.00	ss026_03.txt
0.00010671 	9370.00000000 	9370.00 	10633.00 	0.45 	 873165.00	178.28	182.51	892337.00	ss026_04.txt
0.00014839 	6738.00000000 	6738.00 	8452.00 	0.54 	 859652.00	177.18	181.47	879806.00	ss027_00.txt
0.00014839 	6738.00000000 	6738.00 	8454.00 	0.44 	 828543.00	175.99	180.27	848349.00	ss027_01.txt
0.00014839 	6738.00000000 	6738.00 	8439.00 	0.54 	 861907.00	178.46	183.37	884331.00	ss027_02.txt
0.00014839 	6738.00000000 	6738.00 	8456.00 	0.43 	 854347.00	179.81	184.32	876203.00	ss027_03.txt
0.00014839 	6738.00000000 	6738.00 	8453.00 	0.49 	 866154.00	178.23	182.85	887165.00	ss027_04.txt
0.00012544 	7971.00000000 	7971.00 	9891.00 	0.49 	 799028.00	177.31	182.82	823313.00	ss028_00.txt
0.00012544 	7971.00000000 	7971.00 	9856.00 	0.56 	 823881.00	176.61	181.69	847147.00	ss028_01.txt
0.00012544 	7971.00000000 	7971.00 	9847.00 	0.57 	 808427.00	176.45	181.33	830104.00	ss028_02.txt
0.00012544 	7971.00000000 	7971.00 	9847.00 	0.48 	 817436.00	175.04	180.09	841015.00	ss028_03.txt
0.00012544 	7971.00000000 	7971.00 	9876.00 	0.50 	 832501.00	178.61	183.72	856979.00	ss028_04.txt
0.00011848 	8439.00000000 	8439.00 	10365.00 	0.49 	 832423.00	177.57	182.62	855519.00	ss029_00.txt
0.00011848 	8439.00000000 	8439.00 	10366.00 	0.45 	 859322.00	178.26	183.21	882192.00	ss029_01.txt
0.00011848 	8439.00000000 	8439.00 	10371.00 	0.51 	 825764.00	179.52	184.78	848178.00	ss029_02.txt
0.00011848 	8439.00000000 	8439.00 	10368.00 	0.46 	 839605.00	177.63	182.87	863544.00	ss029_03.txt
0.00011848 	8439.00000000 	8439.00 	10359.00 	0.49 	 851740.00	178.62	183.52	875780.00	ss029_04.txt
0.00009993 	10006.00000000 	10006.00 	11290.00 	0.52 	 846693.00	178.61	183.03	866723.00	ss030_00.txt
0.00009993 	10006.00000000 	10006.00 	11261.00 	0.46 	 852779.00	180.01	184.32	872435.00	ss030_01.txt
0.00009993 	10006.00000000 	10006.00 	11248.00 	0.50 	 847755.00	179.29	183.81	869023.00	ss030_02.txt
0.00009993 	10006.00000000 	10006.00 	11308.00 	0.44 	 838230.00	177.88	181.87	856934.00	ss030_03.txt
0.00009993 	10006.00000000 	10006.00 	11285.00 	0.52 	 856819.00	179.64	184.03	877150.00	ss030_04.txt
0.00012503 	7997.00000000 	7997.00 	10030.00 	0.44 	 838035.00	179.72	184.06	857854.00	ss031_00.txt
0.00012503 	7997.00000000 	7997.00 	10038.00 	0.44 	 834062.00	178.42	182.72	852962.00	ss031_01.txt
0.00012503 	7997.00000000 	7997.00 	10026.00 	0.43 	 830673.00	179.19	183.82	851492.00	ss031_02.txt
0.00012503 	7997.00000000 	7997.00 	10061.00 	0.54 	 850393.00	179.07	183.28	869345.00	ss031_03.txt
0.00012503 	7997.00000000 	7997.00 	9993.00 	0.44 	 855594.00	179.84	184.42	876378.00	ss031_04.txt
0.00008607 	11618.00000000 	11618.00 	12379.00 	0.49 	 860943.00	176.14	180.39	881190.00	ss032_00.txt
0.00008607 	11618.00000000 	11618.00 	12349.00 	0.42 	 904815.00	178.82	182.55	922571.00	ss032_01.txt
0.00008607 	11618.00000000 	11618.00 	12345.00 	0.50 	 896789.00	179.82	183.46	913364.00	ss032_02.txt
0.00008607 	11618.00000000 	11618.00 	12379.00 	0.46 	 855452.00	178.05	181.74	872003.00	ss032_03.txt
0.00008607 	11618.00000000 	11618.00 	12370.00 	0.50 	 873257.00	176.05	180.54	895111.00	ss032_04.txt
0.00010283 	9724.00000000 	9724.00 	11235.00 	0.51 	 872622.00	175.67	180.16	893375.00	ss033_00.txt
0.00010283 	9724.00000000 	9724.00 	11239.00 	0.51 	 834806.00	175.24	180.03	855804.00	ss033_01.txt
0.00010283 	9724.00000000 	9724.00 	11234.00 	0.44 	 859818.00	179.37	184.20	882728.00	ss033_02.txt
0.00010283 	9724.00000000 	9724.00 	11228.00 	0.56 	 853510.00	176.82	181.78	877930.00	ss033_03.txt
0.00010283 	9724.00000000 	9724.00 	11226.00 	0.43 	 860385.00	176.61	181.61	883570.00	ss033_04.txt
0.00011488 	8704.00000000 	8704.00 	9903.00 	0.55 	 868967.00	177.98	181.64	885859.00	ss034_00.txt
0.00011488 	8704.00000000 	8704.00 	9910.00 	0.50 	 883278.00	179.32	183.53	903333.00	ss034_01.txt
0.00011488 	8704.00000000 	8704.00 	9955.00 	0.49 	 878195.00	178.54	182.49	896155.00	ss034_02.txt
0.00011488 	8704.00000000 	8704.00 	9884.00 	0.62 	 846730.00	176.44	180.47	864817.00	ss034_03.txt
0.00011488 	8704.00000000 	8704.00 	9943.00 	0.51 	 877110.00	179.23	183.55	898550.00	ss034_04.txt
0.00011744 	8514.00000000 	8514.00 	10173.00 	0.56 	 825104.00	178.62	183.17	846725.00	ss035_00.txt
0.00011744 	8514.00000000 	8514.00 	10168.00 	0.54 	 803328.00	177.59	181.98	821759.00	ss035_01.txt
0.00011744 	8514.00000000 	8514.00 	10167.00 	0.57 	 799911.00	177.44	181.86	819112.00	ss035_02.txt
0.00011744 	8514.00000000 	8514.00 	10166.00 	0.50 	 809710.00	177.43	181.47	827556.00	ss035_03.txt
0.00011744 	8514.00000000 	8514.00 	10170.00 	0.56 	 803994.00	176.20	180.51	822869.00	ss035_04.txt
0.00010993 	9096.00000000 	9096.00 	10539.00 	0.46 	 890943.00	178.25	183.21	914663.00	ss036_00.txt
0.00010993 	9096.00000000 	9096.00 	10546.00 	0.44 	 886838.00	179.27	183.97	906903.00	ss036_01.txt
0.00010993 	9096.00000000 	9096.00 	10543.00 	0.57 	 859891.00	176.01	180.86	883413.00	ss036_02.txt
0.00010993 	9096.00000000 	9096.00 	10569.00 	0.43 	 861574.00	176.40	181.17	884200.00	ss036_03.txt
0.00010993 	9096.00000000 	9096.00 	10563.00 	0.45 	 886943.00	180.21	185.05	909854.00	ss036_04.txt
0.00008952 	11170.00000000 	11170.00 	12179.00 	0.49 	 856226.00	179.77	184.14	875150.00	ss037_00.txt
0.00008952 	11170.00000000 	11170.00 	12204.00 	0.56 	 860819.00	177.43	181.73	879719.00	ss037_01.txt
0.00008872 	11271.00000000 	11271.00 	12216.00 	0.46 	 872522.00	177.66	182.19	892881.00	ss037_02.txt
0.00008952 	11170.00000000 	11170.00 	12176.00 	0.57 	 832642.00	177.84	182.44	854499.00	ss037_03.txt
0.00008952 	11170.00000000 	11170.00 	12199.00 	0.44 	 841226.00	177.11	181.65	861041.00	ss037_04.txt
0.00008375 	11940.00000000 	11940.00 	13156.00 	0.49 	 849009.00	175.73	180.07	870221.00	ss038_00.txt
0.00008375 	11940.00000000 	11940.00 	13146.00 	0.52 	 847854.00	177.14	181.51	868032.00	ss038_01.txt
0.00008375 	11940.00000000 	11940.00 	13149.00 	0.56 	 874971.00	175.77	180.16	895447.00	ss038_02.txt
0.00008375 	11940.00000000 	11940.00 	13189.00 	0.48 	 857030.00	177.36	182.28	880516.00	ss038_03.txt
0.00008375 	11940.00000000 	11940.00 	13197.00 	0.48 	 840734.00	180.17	185.02	862850.00	ss038_04.txt
0.00013428 	7446.00000000 	7446.00 	9053.00 	0.32 	 889099.00	177.07	182.15	912883.00	ss039_00.txt
0.00013428 	7446.00000000 	7446.00 	9055.00 	0.43 	 874946.00	178.68	183.70	898120.00	ss039_01.txt
0.00013428 	7446.00000000 	7446.00 	9043.00 	0.42 	 869043.00	179.96	185.20	893360.00	ss039_02.txt
0.00013428 	7446.00000000 	7446.00 	9036.00 	0.54 	 912154.00	179.76	185.34	940596.00	ss039_03.txt
0.00013428 	7446.00000000 	7446.00 	9041.00 	0.49 	 887226.00	175.91	181.13	912159.00	ss039_04.txt
0.00009673 	10337.00000000 	10337.00 	11626.00 	0.45 	 850797.00	178.04	182.52	871323.00	ss040_00.txt
0.00009673 	10337.00000000 	10337.00 	11615.00 	0.43 	 827465.00	175.71	180.47	849500.00	ss040_01.txt
0.00009673 	10337.00000000 	10337.00 	11649.00 	0.52 	 820252.00	175.89	180.14	838658.00	ss040_02.txt
0.00009673 	10337.00000000 	10337.00 	11645.00 	0.48 	 846068.00	176.17	180.67	866579.00	ss040_03.txt
0.00009673 	10337.00000000 	10337.00 	11615.00 	0.49 	 834687.00	175.58	180.05	855778.00	ss040_04.txt
0.00007911 	12640.00000000 	12640.00 	13556.00 	0.49 	 872901.00	177.18	181.36	892629.00	ss041_00.txt
0.00007911 	12640.00000000 	12640.00 	13532.00 	0.51 	 881344.00	178.11	182.01	900226.00	ss041_01.txt
0.00007911 	12640.00000000 	12640.00 	13488.00 	0.50 	 879130.00	178.95	182.68	895725.00	ss041_02.txt
0.00007911 	12640.00000000 	12640.00 	13498.00 	0.61 	 895486.00	178.79	183.13	916045.00	ss041_03.txt
0.00007911 	12640.00000000 	12640.00 	13469.00 	0.56 	 878330.00	178.06	182.13	897846.00	ss041_04.txt
0.00009732 	10274.00000000 	10274.00 	11447.00 	0.48 	 864264.00	176.89	181.65	887012.00	ss042_00.txt
0.00009732 	10274.00000000 	10274.00 	11480.00 	0.56 	 868113.00	178.40	183.65	894167.00	ss042_01.txt
0.00009732 	10274.00000000 	10274.00 	11477.00 	0.52 	 869019.00	176.17	180.78	892252.00	ss042_02.txt
0.00009732 	10274.00000000 	10274.00 	11474.00 	0.45 	 882435.00	176.52	181.00	904412.00	ss042_03.txt
0.00009732 	10274.00000000 	10274.00 	11476.00 	0.52 	 876174.00	178.99	183.70	897747.00	ss042_04.txt
0.00010873 	9196.00000000 	9196.00 	10859.00 	0.44 	 868899.00	176.24	180.55	890784.00	ss043_00.txt
0.00010873 	9196.00000000 	9196.00 	10769.00 	0.45 	 842588.00	176.32	180.54	861809.00	ss043_01.txt
0.00010873 	9196.00000000 	9196.00 	10858.00 	0.48 	 843839.00	176.68	180.88	863989.00	ss043_02.txt
0.00010873 	9196.00000000 	9196.00 	10856.00 	0.51 	 840967.00	177.82	182.51	862865.00	ss043_03.txt
0.00010873 	9196.00000000 	9196.00 	10873.00 	0.50 	 858806.00	177.45	181.39	876374.00	ss043_04.txt
0.00011408 	8765.00000000 	8765.00 	9986.00 	0.48 	 865794.00	179.57	184.04	888057.00	ss044_00.txt
0.00011408 	8765.00000000 	8765.00 	10014.00 	0.39 	 843954.00	177.22	181.54	864342.00	ss044_01.txt
0.00011408 	8765.00000000 	8765.00 	9986.00 	0.40 	 864947.00	179.45	183.57	883731.00	ss044_02.txt
0.00011408 	8765.00000000 	8765.00 	9966.00 	0.37 	 869969.00	179.06	183.40	890363.00	ss044_03.txt
0.00011408 	8765.00000000 	8765.00 	9993.00 	0.43 	 829962.00	178.57	182.81	848699.00	ss044_04.txt
0.00010468 	9552.00000000 	9552.00 	10812.00 	0.51 	 834230.00	176.28	180.08	851854.00	ss045_00.txt
0.00010468 	9552.00000000 	9552.00 	10804.00 	0.50 	 820691.00	176.90	180.74	838488.00	ss045_01.txt
0.00010468 	9552.00000000 	9552.00 	10803.00 	0.48 	 839477.00	177.02	180.97	857465.00	ss045_02.txt
0.00010468 	9552.00000000 	9552.00 	10788.00 	0.51 	 833170.00	176.44	180.43	850728.00	ss045_03.txt
0.00010468 	9552.00000000 	9552.00 	10789.00 	0.49 	 819198.00	176.46	180.79	838844.00	ss045_04.txt
0.00008896 	11240.00000000 	11240.00 	12378.00 	0.52 	 865134.00	178.26	181.98	881692.00	ss046_00.txt
0.00008896 	11240.00000000 	11240.00 	12386.00 	0.58 	 876433.00	179.33	182.99	892840.00	ss046_01.txt
0.00008896 	11240.00000000 	11240.00 	12343.00 	0.57 	 857562.00	177.64	181.87	877201.00	ss046_02.txt
0.00008896 	11240.00000000 	11240.00 	12358.00 	0.54 	 852333.00	175.96	180.15	871944.00	ss046_03.txt
0.00008896 	11240.00000000 	11240.00 	12379.00 	0.58 	 840411.00	176.08	180.09	858604.00	ss046_04.txt
0.00009253 	10806.00000000 	10806.00 	11907.00 	0.42 	 856740.00	179.28	183.52	876781.00	ss047_00.txt
0.00009253 	10806.00000000 	10806.00 	11936.00 	0.45 	 838538.00	178.76	183.13	858165.00	ss047_01.txt
0.00009253 	10806.00000000 	10806.00 	11945.00 	0.52 	 845961.00	178.10	181.99	864435.00	ss047_02.txt
0.00009253 	10806.00000000 	10806.00 	11925.00 	0.49 	 843286.00	177.99	182.97	865659.00	ss047_03.txt
0.00009253 	10806.00000000 	10806.00 	11919.00 	0.45 	 863807.00	178.85	182.47	880928.00	ss047_04.txt
0.00011733 	8522.00000000 	8522.00 	10377.00 	0.43 	 844001.00	177.63	182.62	867822.00	ss048_00.txt
0.00011733 	8522.00000000 	8522.00 	10377.00 	0.54 	 844545.00	176.05	180.60	865596.00	ss048_01.txt
0.00011733 	8522.00000000 	8522.00 	10389.00 	0.46 	 854166.00	177.84	182.68	877246.00	ss048_02.txt
0.00011733 	8522.00000000 	8522.00 	10347.00 	0.54 	 872272.00	178.05	182.63	893537.00	ss048_03.txt
0.00011733 	8522.00000000 	8522.00 	10366.00 	0.58 	 826955.00	178.06	182.37	846122.00	ss048_04.txt
0.00009505 	10520.00000000 	10520.00 	11876.00 	0.54 	 848247.00	177.10	181.21	867669.00	ss049_00.txt
0.00009505 	10520.00000000 	10520.00 	11917.00 	0.43 	 847665.00	177.99	182.34	867516.00	ss049_01.txt
0.00009505 	10520.00000000 	10520.00 	11925.00 	0.49 	 849765.00	176.16	180.10	867274.00	ss049_02.txt
0.00009505 	10520.00000000 	10520.00 	11906.00 	0.49 	 835358.00	176.23	180.52	855551.00	ss049_03.txt
0.00009505 	10520.00000000 	10520.00 	11927.00 	0.44 	 841519.00	180.03	184.85	863907.00	ss049_04.txt
0.00010169 	9833.00000000 	9833.00 	10858.00 	0.45 	 851438.00	179.89	184.38	872550.00	ss050_00.txt
0.00010169 	9833.00000000 	9833.00 	10852.00 	0.45 	 841143.00	176.88	181.52	863302.00	ss050_01.txt
0.00010169 	9833.00000000 	9833.00 	10855.00 	0.49 	 841747.00	175.26	180.12	863932.00	ss050_02.txt
0.00010169 	9833.00000000 	9833.00 	10849.00 	0.51 	 870133.00	178.20	182.65	890009.00	ss050_03.txt
0.00010169 	9833.00000000 	9833.00 	10854.00 	0.43 	 844305.00	178.44	182.84	864100.00	ss050_04.txt
0.00008489 	11779.00000000 	11779.00 	12744.00 	0.46 	 789561.00	176.52	180.49	806847.00	ss051_00.txt
0.00008489 	11779.00000000 	11779.00 	12710.00 	0.49 	 820570.00	178.31	182.72	840580.00	ss051_01.txt
0.00008489 	11779.00000000 	11779.00 	12751.00 	0.51 	 807412.00	177.80	182.47	827818.00	ss051_02.txt
0.00008489 	11779.00000000 	11779.00 	12766.00 	0.44 	 829430.00	178.21	181.87	845074.00	ss051_03.txt
0.00008489 	11779.00000000 	11779.00 	12751.00 	0.44 	 810882.00	176.46	180.84	830119.00	ss051_04.txt
0.00009106 	10981.00000000 	10981.00 	12174.00 	0.46 	 838078.00	177.68	181.90	857920.00	ss052_00.txt
0.00009106 	10981.00000000 	10981.00 	12215.00 	0.54 	 846342.00	177.88	182.37	867335.00	ss052_01.txt
0.00009106 	10981.00000000 	10981.00 	12112.00 	0.58 	 841493.00	177.53	181.56	859709.00	ss052_02.txt
0.00009106 	10981.00000000 	10981.00 	12146.00 	0.54 	 857863.00	177.75	181.67	876489.00	ss052_03.txt
0.00009106 	10981.00000000 	10981.00 	12135.00 	0.50 	 865646.00	179.14	183.08	884823.00	ss052_04.txt
0.00009409 	10627.00000000 	10627.00 	11690.00 	0.61 	 810921.00	177.82	181.85	828115.00	ss053_00.txt
0.00009409 	10627.00000000 	10627.00 	11691.00 	0.61 	 805861.00	178.65	183.20	825291.00	ss053_01.txt
0.00009409 	10627.00000000 	10627.00 	11675.00 	0.54 	 811682.00	179.49	183.82	830535.00	ss053_02.txt
0.00009409 	10627.00000000 	10627.00 	11638.00 	0.43 	 799190.00	179.00	183.79	819919.00	ss053_03.txt
0.00009409 	10627.00000000 	10627.00 	11656.00 	0.51 	 806763.00	177.46	182.33	828691.00	ss053_04.txt
0.00010550 	9478.00000000 	9478.00 	11118.00 	0.48 	 857613.00	177.85	182.48	878362.00	ss054_00.txt
0.00010550 	9478.00000000 	9478.00 	11119.00 	0.44 	 854118.00	179.97	184.71	874073.00	ss054_01.txt
0.00010550 	9478.00000000 	9478.00 	11134.00 	0.44 	 833494.00	178.99	184.01	857064.00	ss054_02.txt
0.00010550 	9478.00000000 	9478.00 	11121.00 	0.48 	 851873.00	179.48	184.26	873895.00	ss054_03.txt
0.00010550 	9478.00000000 	9478.00 	11126.00 	0.50 	 850683.00	179.07	183.65	871765.00	ss054_04.txt
0.00009431 	10602.00000000 	10602.00 	11944.00 	0.49 	 882835.00	179.39	183.55	902738.00	ss055_00.txt
0.00009431 	10602.00000000 	10602.00 	11918.00 	0.51 	 867055.00	176.44	180.18	884796.00	ss055_01.txt
0.00009431 	10602.00000000 	10602.00 	12035.00 	0.51 	 848331.00	176.90	181.10	868617.00	ss055_02.txt
0.00009431 	10602.00000000 	10602.00 	11991.00 	0.51 	 864204.00	179.23	183.31	883732.00	ss055_03.txt
0.00009431 	10602.00000000 	10602.00 	11902.00 	0.42 	 869141.00	177.78	181.72	887124.00	ss055_04.txt
0.00008129 	12300.00000000 	12300.00 	13316.00 	0.44 	 855516.00	180.06	184.16	873787.00	ss056_00.txt
0.00008129 	12300.00000000 	12300.00 	13265.00 	0.50 	 851282.00	176.55	180.73	871966.00	ss056_01.txt
0.00008129 	12300.00000000 	12300.00 	13272.00 	0.43 	 893383.00	179.39	183.01	910953.00	ss056_02.txt
0.00008129 	12300.00000000 	12300.00 	13296.00 	0.56 	 842162.00	177.93	181.57	858489.00	ss056_03.txt
0.00008129 	12300.00000000 	12300.00 	13258.00 	0.49 	 872779.00	178.07	182.46	893240.00	ss056_04.txt
0.00009480 	10547.00000000 	10547.00 	12067.00 	0.48 	 877239.00	180.07	183.96	895518.00	ss057_00.txt
0.00009480 	10547.00000000 	10547.00 	12065.00 	0.49 	 881819.00	179.31	183.22	900013.00	ss057_01.txt
0.00009480 	10547.00000000 	10547.00 	12110.00 	0.55 	 861777.00	177.40	181.32	879955.00	ss057_02.txt
0.00009480 	10547.00000000 	10547.00 	12004.00 	0.57 	 892197.00	179.53	183.35	909726.00	ss057_03.txt
0.00009480 	10547.00000000 	10547.00 	12085.00 	0.52 	 884473.00	177.51	181.60	903627.00	ss057_04.txt
0.00009355 	10689.00000000 	10689.00 	12073.00 	0.48 	 847183.00	179.29	184.16	869175.00	ss058_00.txt
0.00009355 	10689.00000000 	10689.00 	12119.00 	0.51 	 851709.00	177.30	181.81	873349.00	ss058_01.txt
0.00009355 	10689.00000000 	10689.00 	12060.00 	0.51 	 854771.00	178.63	183.07	875748.00	ss058_02.txt
0.00009355 	10689.00000000 	10689.00 	12101.00 	0.49 	 843144.00	177.14	181.57	863668.00	ss058_03.txt
0.00009355 	10689.00000000 	10689.00 	12057.00 	0.42 	 843430.00	176.20	180.34	862779.00	ss058_04.txt
0.00010139 	9862.00000000 	9862.00 	11150.00 	0.52 	 833186.00	176.54	181.12	854471.00	ss059_00.txt
0.00010139 	9862.00000000 	9862.00 	11158.00 	0.63 	 811514.00	177.93	183.02	833391.00	ss059_01.txt
0.00010139 	9862.00000000 	9862.00 	11134.00 	0.48 	 825975.00	179.50	184.07	846023.00	ss059_02.txt
0.00010139 	9862.00000000 	9862.00 	11162.00 	0.50 	 826164.00	177.77	182.37	846845.00	ss059_03.txt
0.00010139 	9862.00000000 	9862.00 	11150.00 	0.49 	 825901.00	176.18	181.19	848317.00	ss059_04.txt
0.00008293 	12057.00000000 	12057.00 	12964.00 	0.52 	 857771.00	178.60	182.37	875556.00	ss060_00.txt
0.00008293 	12057.00000000 	12057.00 	12842.00 	0.56 	 864818.00	177.48	180.77	879584.00	ss060_01.txt
0.00008293 	12057.00000000 	12057.00 	12872.00 	0.48 	 877620.00	179.79	183.28	893836.00	ss060_02.txt
0.00008293 	12057.00000000 	12057.00 	12884.00 	0.51 	 860317.00	176.98	180.65	877980.00	ss060_03.txt
0.00008293 	12057.00000000 	12057.00 	12883.00 	0.52 	 864038.00	177.43	180.95	880824.00	ss060_04.txt
0.00007883 	12685.00000000 	12685.00 	13499.00 	0.43 	 827693.00	176.61	180.69	846397.00	ss061_00.txt
0.00007893 	12669.00000000 	12669.00 	13430.00 	0.51 	 831813.00	178.07	181.89	848802.00	ss061_01.txt
0.00007893 	12669.00000000 	12669.00 	13435.00 	0.52 	 836335.00	180.00	183.86	853304.00	ss061_02.txt
0.00007883 	12685.00000000 	12685.00 	13498.00 	0.45 	 859582.00	178.89	182.74	876931.00	ss061_03.txt
0.00007893 	12669.00000000 	12669.00 	13395.00 	0.48 	 845332.00	179.69	183.57	861909.00	ss061_04.txt
0.00008577 	11658.00000000 	11658.00 	13001.00 	0.61 	 855576.00	178.00	181.87	873112.00	ss062_00.txt
0.00008577 	11658.00000000 	11658.00 	13016.00 	0.50 	 856851.00	177.38	181.43	874901.00	ss062_01.txt
0.00008577 	11658.00000000 	11658.00 	12997.00 	0.45 	 855163.00	178.63	182.90	874772.00	ss062_02.txt
0.00008577 	11658.00000000 	11658.00 	13043.00 	0.48 	 858782.00	179.93	184.35	878760.00	ss062_03.txt
0.00008577 	11658.00000000 	11658.00 	13041.00 	0.51 	 854094.00	177.16	181.66	874077.00	ss062_04.txt
0.00008589 	11642.00000000 	11642.00 	12508.00 	0.44 	 872479.00	176.57	180.48	890022.00	ss063_00.txt
0.00008589 	11642.00000000 	11642.00 	12501.00 	0.46 	 878340.00	175.80	180.39	900688.00	ss063_01.txt
0.00008589 	11642.00000000 	11642.00 	12481.00 	0.38 	 853084.00	175.98	180.26	872229.00	ss063_02.txt
0.00008589 	11642.00000000 	11642.00 	12488.00 	0.42 	 881915.00	175.96	180.20	901716.00	ss063_03.txt
0.00008589 	11642.00000000 	11642.00 	12492.00 	0.46 	 865672.00	179.37	183.72	885523.00	ss063_04.txt
0.00007137 	14011.00000000 	14011.00 	14855.00 	0.50 	 912035.00	179.91	183.71	930099.00	ss064_00.txt
0.00007137 	14011.00000000 	14011.00 	14854.00 	0.56 	 911974.00	178.06	181.94	931170.00	ss064_01.txt
0.00007137 	14011.00000000 	14011.00 	14780.00 	0.50 	 916368.00	180.15	183.82	934055.00	ss064_02.txt
0.00007137 	14011.00000000 	14011.00 	14812.00 	0.43 	 915649.00	179.49	183.36	934768.00	ss064_03.txt
0.00007137 	14011.00000000 	14011.00 	14788.00 	0.45 	 905732.00	177.22	180.91	923676.00	ss064_04.txt
0.00007676 	13026.00000000 	13026.00 	13951.00 	0.52 	 840436.00	178.42	182.54	859244.00	ss065_00.txt
0.00007676 	13026.00000000 	13026.00 	13982.00 	0.62 	 844562.00	176.51	180.68	863451.00	ss065_01.txt
0.00007676 	13026.00000000 	13026.00 	14019.00 	0.50 	 838567.00	176.98	180.96	856069.00	ss065_02.txt
0.00007676 	13026.00000000 	13026.00 	14001.00 	0.46 	 851118.00	177.54	181.54	868610.00	ss065_03.txt
0.00007676 	13026.00000000 	13026.00 	14001.00 	0.49 	 859881.00	178.51	182.52	878128.00	ss065_04.txt
0.00007235 	13821.00000000 	13821.00 	14668.00 	0.55 	 872500.00	177.70	180.82	886912.00	ss066_00.txt
0.00007235 	13821.00000000 	13821.00 	14746.00 	0.46 	 843214.00	180.10	183.82	860319.00	ss066_01.txt
0.00007235 	13821.00000000 	13821.00 	14684.00 	0.58 	 877498.00	177.36	181.01	894654.00	ss066_02.txt
0.00007235 	13821.00000000 	13821.00 	14714.00 	0.48 	 866732.00	177.45	181.37	885393.00	ss066_03.txt
0.00007235 	13821.00000000 	13821.00 	14785.00 	0.58 	 889452.00	178.53	181.84	906137.00	ss066_04.txt
0.00009608 	10407.00000000 	10407.00 	11476.00 	0.48 	 884969.00	178.00	182.33	905696.00	ss067_00.txt
0.00009608 	10407.00000000 	10407.00 	11540.00 	0.51 	 885010.00	178.78	182.97	904855.00	ss067_01.txt
0.00009608 	10407.00000000 	10407.00 	11456.00 	0.49 	 913419.00	179.24	183.44	933308.00	ss067_02.txt
0.00009608 	10407.00000000 	10407.00 	11499.00 	0.50 	 909924.00	180.01	184.07	930313.00	ss067_03.txt
0.00009608 	10407.00000000 	10407.00 	11504.00 	0.37 	 874231.00	177.45	181.38	891726.00	ss067_04.txt
0.00008130 	12299.00000000 	12299.00 	13063.00 	0.55 	 877825.00	176.91	180.33	894173.00	ss068_00.txt
0.00008130 	12299.00000000 	12299.00 	13103.00 	0.63 	 862379.00	178.83	182.72	880504.00	ss068_01.txt
0.00008130 	12299.00000000 	12299.00 	13060.00 	0.61 	 892651.00	177.20	181.07	911951.00	ss068_02.txt
0.00008130 	12299.00000000 	12299.00 	13087.00 	0.55 	 899942.00	178.17	181.80	917215.00	ss068_03.txt
0.00008130 	12299.00000000 	12299.00 	13107.00 	0.54 	 872141.00	179.09	183.09	891598.00	ss068_04.txt
0.00008812 	11347.00000000 	11347.00 	12299.00 	0.54 	 878757.00	180.17	184.29	898398.00	ss069_00.txt
0.00008812 	11347.00000000 	11347.00 	12322.00 	0.50 	 856928.00	178.20	182.19	875525.00	ss069_01.txt
0.00008812 	11347.00000000 	11347.00 	12323.00 	0.50 	 878070.00	179.61	183.70	897259.00	ss069_02.txt
0.00008812 	11347.00000000 	11347.00 	12313.00 	0.51 	 857823.00	180.21	184.53	877975.00	ss069_03.txt
0.00008812 	11347.00000000 	11347.00 	12306.00 	0.46 	 855205.00	176.43	180.49	875216.00	ss069_04.txt
