0.00022920 	4362.00000000 	4362.00 	8146.00 	0.46 	 1077560.00	176.39	181.68	1108139.00	ff000_00.txt
0.00022920 	4362.00000000 	4362.00 	8142.00 	0.55 	 1055508.00	177.46	182.92	1087518.00	ff000_01.txt
0.00022920 	4362.00000000 	4362.00 	8228.00 	0.35 	 1026922.00	176.20	181.38	1055641.00	ff000_02.txt
0.00022920 	4362.00000000 	4362.00 	8138.00 	0.50 	 1056799.00	175.06	180.45	1087727.00	ff000_03.txt
0.00022920 	4362.00000000 	4362.00 	8144.00 	0.44 	 1128202.00	180.04	185.39	1160141.00	ff000_04.txt
0.00025780 	3878.00000000 	3878.00 	6525.00 	0.50 	 1004673.00	179.93	185.37	1033543.00	ff001_00.txt
0.00025780 	3878.00000000 	3878.00 	6490.00 	0.57 	 998518.00	176.34	181.53	1025762.00	ff001_01.txt
0.00025780 	3878.00000000 	3878.00 	6499.00 	0.50 	 965980.00	176.86	182.47	992976.00	ff001_02.txt
0.00025780 	3878.00000000 	3878.00 	6464.00 	0.46 	 981194.00	178.59	183.76	1006794.00	ff001_03.txt
0.00025780 	3878.00000000 	3878.00 	6503.00 	0.43 	 967018.00	175.70	181.00	994269.00	ff001_04.txt
0.00021968 	4551.00000000 	4551.00 	6421.00 	0.52 	 984607.00	178.69	183.39	1009773.00	ff002_00.txt
0.00021968 	4551.00000000 	4551.00 	6421.00 	0.40 	 987630.00	175.83	181.05	1016585.00	ff002_01.txt
0.00021968 	4551.00000000 	4551.00 	6423.00 	0.35 	 973486.00	177.02	181.70	997928.00	ff002_02.txt
0.00021968 	4551.00000000 	4551.00 	6421.00 	0.45 	 968572.00	176.07	180.76	993973.00	ff002_03.txt
0.00021968 	4551.00000000 	4551.00 	6425.00 	0.51 	 979032.00	178.24	183.25	1005068.00	ff002_04.txt
0.00014368 	6959.00000000 	6959.00 	9095.00 	0.50 	 882900.00	177.37	182.71	908504.00	ff003_00.txt
0.00014368 	6959.00000000 	6959.00 	9089.00 	0.45 	 862607.00	177.67	183.64	890660.00	ff003_01.txt
0.00014368 	6959.00000000 	6959.00 	9090.00 	0.46 	 909174.00	178.51	183.96	936985.00	ff003_02.txt
0.00014368 	6959.00000000 	6959.00 	9093.00 	0.50 	 890195.00	179.28	184.37	913535.00	ff003_03.txt
0.00014368 	6959.00000000 	6959.00 	9086.00 	0.46 	 922522.00	175.97	180.98	947267.00	ff003_04.txt
0.00022936 	4359.00000000 	4359.00 	7163.00 	0.44 	 1039806.00	179.97	185.96	1072485.00	ff004_00.txt
0.00022936 	4359.00000000 	4359.00 	7165.00 	0.55 	 980648.00	175.53	181.15	1008420.00	ff004_01.txt
0.00022936 	4359.00000000 	4359.00 	7161.00 	0.50 	 1066166.00	178.60	184.28	1097601.00	ff004_02.txt
0.00022936 	4359.00000000 	4359.00 	7166.00 	0.45 	 951462.00	174.84	180.67	981367.00	ff004_03.txt
0.00022936 	4359.00000000 	4359.00 	7166.00 	0.46 	 1024794.00	177.35	183.05	1057009.00	ff004_04.txt
0.00015775 	6338.00000000 	6338.00 	8007.00 	0.52 	 827765.00	180.13	185.65	852100.00	ff005_00.txt
0.00015775 	6338.00000000 	6338.00 	8011.00 	0.52 	 808720.00	174.96	180.98	835769.00	ff005_01.txt
0.00015775 	6338.00000000 	6338.00 	8006.00 	0.56 	 823760.00	178.10	184.22	851070.00	ff005_02.txt
0.00015775 	6338.00000000 	6338.00 	8011.00 	0.51 	 839899.00	178.09	183.28	863691.00	ff005_03.txt
0.00015775 	6338.00000000 	6338.00 	7999.00 	0.56 	 801039.00	175.73	181.27	824307.00	ff005_04.txt
0.00018822 	5312.00000000 	5312.00 	7433.00 	0.52 	 974309.00	178.59	184.23	1004599.00	ff006_00.txt
0.00018822 	5312.00000000 	5312.00 	7439.00 	0.54 	 946961.00	176.29	182.57	979168.00	ff006_01.txt
0.00018822 	5312.00000000 	5312.00 	7434.00 	0.45 	 950357.00	178.55	184.45	980941.00	ff006_02.txt
0.00018822 	5312.00000000 	5312.00 	7435.00 	0.45 	 948538.00	175.86	181.51	977459.00	ff006_03.txt
0.00018822 	5312.00000000 	5312.00 	7437.00 	0.41 	 947425.00	177.57	183.05	974172.00	ff006_04.txt
0.00019223 	5201.00000000 	5201.00 	7995.00 	0.50 	 944091.00	175.65	181.12	974322.00	ff007_00.txt
0.00019223 	5201.00000000 	5201.00 	7991.00 	0.51 	 934048.00	176.33	181.49	961052.00	ff007_01.txt
0.00019223 	5201.00000000 	5201.00 	7991.00 	0.46 	 912497.00	176.35	181.35	938221.00	ff007_02.txt
0.00019223 	5201.00000000 	5201.00 	7995.00 	0.57 	 928896.00	177.08	181.52	951536.00	ff007_03.txt
0.00019223 	5201.00000000 	5201.00 	7991.00 	0.48 	 918820.00	176.49	181.07	941574.00	ff007_04.txt
0.00020572 	4860.00000000 	4860.00 	9434.00 	0.59 	 1089231.00	179.53	184.52	1117600.00	ff008_00.txt
0.00020572 	4860.00000000 	4860.00 	9509.00 	0.54 	 1051990.00	175.38	180.04	1078436.00	ff008_01.txt
0.00020572 	4860.00000000 	4860.00 	9545.00 	0.52 	 1050104.00	176.85	181.43	1075719.00	ff008_02.txt
0.00020572 	4860.00000000 	4860.00 	9566.00 	0.50 	 1038507.00	176.27	181.64	1069551.00	ff008_03.txt
0.00020572 	4860.00000000 	4860.00 	9487.00 	0.44 	 1018620.00	175.28	180.36	1046073.00	ff008_04.txt
0.00019535 	5118.00000000 	5118.00 	8338.00 	0.54 	 948676.00	177.98	182.92	973782.00	ff009_00.txt
0.00019535 	5118.00000000 	5118.00 	8337.00 	0.54 	 905712.00	177.18	182.43	932546.00	ff009_01.txt
0.00019535 	5118.00000000 	5118.00 	8330.00 	0.50 	 932960.00	179.17	184.63	961415.00	ff009_02.txt
0.00019535 	5118.00000000 	5118.00 	8335.00 	0.54 	 933014.00	176.69	182.15	961142.00	ff009_03.txt
0.00019535 	5118.00000000 	5118.00 	8336.00 	0.56 	 925822.00	174.87	180.14	952605.00	ff009_04.txt
0.00011969 	8354.00000000 	8354.00 	9708.00 	0.52 	 871727.00	176.03	181.15	895281.00	ff010_00.txt
0.00011969 	8354.00000000 	8354.00 	9709.00 	0.59 	 886210.00	180.03	185.65	912708.00	ff010_01.txt
0.00011969 	8354.00000000 	8354.00 	9718.00 	0.40 	 865792.00	176.33	181.41	889330.00	ff010_02.txt
0.00011969 	8354.00000000 	8354.00 	9705.00 	0.44 	 850387.00	175.07	180.32	874724.00	ff010_03.txt
0.00011969 	8354.00000000 	8354.00 	9701.00 	0.52 	 890790.00	179.83	184.77	914137.00	ff010_04.txt
0.00014497 	6897.00000000 	6897.00 	8839.00 	0.38 	 905114.00	176.57	181.53	931143.00	ff011_00.txt
0.00014497 	6897.00000000 	6897.00 	8839.00 	0.41 	 925956.00	178.12	182.83	949290.00	ff011_01.txt
0.00014497 	6897.00000000 	6897.00 	8836.00 	0.34 	 919779.00	178.32	183.91	947804.00	ff011_02.txt
0.00014497 	6897.00000000 	6897.00 	8841.00 	0.56 	 897326.00	177.90	183.14	923777.00	ff011_03.txt
0.00014497 	6897.00000000 	6897.00 	8840.00 	0.48 	 905699.00	176.45	181.56	931361.00	ff011_04.txt
0.00012819 	7800.00000000 	7800.00 	8790.00 	0.49 	 802283.00	175.16	180.18	824296.00	ff012_00.txt
0.00012819 	7800.00000000 	7800.00 	8783.00 	0.44 	 793000.00	177.89	182.58	812385.00	ff012_01.txt
0.00012819 	7800.00000000 	7800.00 	8803.00 	0.43 	 806635.00	175.24	180.75	831859.00	ff012_02.txt
0.00012819 	7800.00000000 	7800.00 	8805.00 	0.48 	 783895.00	178.11	183.87	807965.00	ff012_03.txt
0.00012819 	7800.00000000 	7800.00 	8796.00 	0.62 	 807160.00	178.23	183.35	828833.00	ff012_04.txt
0.00014418 	6935.00000000 	6935.00 	8606.00 	0.46 	 864002.00	175.62	181.38	890691.00	ff013_00.txt
0.00014418 	6935.00000000 	6935.00 	8600.00 	0.52 	 866512.00	176.43	182.09	894039.00	ff013_01.txt
0.00014418 	6935.00000000 	6935.00 	8602.00 	0.41 	 870607.00	177.54	183.66	900047.00	ff013_02.txt
0.00014418 	6935.00000000 	6935.00 	8607.00 	0.52 	 860099.00	178.24	184.37	888072.00	ff013_03.txt
0.00014418 	6935.00000000 	6935.00 	8604.00 	0.45 	 865253.00	175.44	180.95	890192.00	ff013_04.txt
0.00020408 	4899.00000000 	4899.00 	7677.00 	0.35 	 900138.00	175.66	181.07	927168.00	ff014_00.txt
0.00020408 	4899.00000000 	4899.00 	7676.00 	0.50 	 934264.00	179.73	185.87	965533.00	ff014_01.txt
0.00020408 	4899.00000000 	4899.00 	7680.00 	0.43 	 910543.00	177.01	182.66	937382.00	ff014_02.txt
0.00020408 	4899.00000000 	4899.00 	7679.00 	0.52 	 893784.00	176.48	182.01	919445.00	ff014_03.txt
0.00020408 	4899.00000000 	4899.00 	7686.00 	0.55 	 833491.00	177.11	183.37	861459.00	ff014_04.txt
0.00013805 	7243.00000000 	7243.00 	8412.00 	0.39 	 830553.00	178.76	183.75	852217.00	ff015_00.txt
0.00013805 	7243.00000000 	7243.00 	8412.00 	0.48 	 835184.00	175.84	181.19	860217.00	ff015_01.txt
0.00013805 	7243.00000000 	7243.00 	8417.00 	0.48 	 832637.00	177.47	182.82	857140.00	ff015_02.txt
0.00013805 	7243.00000000 	7243.00 	8422.00 	0.38 	 815329.00	177.32	182.41	837750.00	ff015_03.txt
0.00013805 	7243.00000000 	7243.00 	8410.00 	0.48 	 838484.00	178.68	183.70	860216.00	ff015_04.txt
0.00017730 	5639.00000000 	5639.00 	7120.00 	0.50 	 846073.00	176.77	181.94	870817.00	ff016_00.txt
0.00017730 	5639.00000000 	5639.00 	7129.00 	0.56 	 861147.00	177.69	183.02	887296.00	ff016_01.txt
0.00017730 	5639.00000000 	5639.00 	7131.00 	0.37 	 813971.00	175.15	180.48	838250.00	ff016_02.txt
0.00017730 	5639.00000000 	5639.00 	7128.00 	0.52 	 863555.00	179.57	184.67	886933.00	ff016_03.txt
0.00017730 	5639.00000000 	5639.00 	7124.00 	0.51 	 860046.00	178.30	183.30	883115.00	ff016_04.txt
0.00011260 	8880.00000000 	8880.00 	10606.00 	0.56 	 829919.00	178.56	183.61	852034.00	ff017_00.txt
0.00011260 	8880.00000000 	8880.00 	10627.00 	0.51 	 807544.00	177.06	181.32	825063.00	ff017_01.txt
0.00011260 	8880.00000000 	8880.00 	10626.00 	0.49 	 781455.00	176.92	181.73	803351.00	ff017_02.txt
0.00011260 	8880.00000000 	8880.00 	10609.00 	0.52 	 821921.00	177.75	182.87	844839.00	ff017_03.txt
0.00011260 	8880.00000000 	8880.00 	10619.00 	0.56 	 834032.00	177.64	182.26	854621.00	ff017_04.txt
0.00030600 	3267.00000000 	3267.00 	6126.00 	0.48 	 1060718.00	177.00	182.66	1092716.00	ff018_00.txt
0.00030600 	3267.00000000 	3267.00 	6127.00 	0.49 	 1057209.00	177.22	182.47	1085400.00	ff018_01.txt
0.00030600 	3267.00000000 	3267.00 	6120.00 	0.48 	 1068202.00	176.55	181.78	1097756.00	ff018_02.txt
0.00030600 	3267.00000000 	3267.00 	6132.00 	0.37 	 1028316.00	179.79	185.33	1057211.00	ff018_03.txt
0.00030600 	3267.00000000 	3267.00 	6120.00 	0.49 	 1086977.00	176.65	181.89	1117384.00	ff018_04.txt
0.00015562 	6425.00000000 	6425.00 	8136.00 	0.44 	 854222.00	178.12	183.35	876824.00	ff019_00.txt
0.00015562 	6425.00000000 	6425.00 	8136.00 	0.52 	 862094.00	179.68	184.93	887000.00	ff019_01.txt
0.00015562 	6425.00000000 	6425.00 	8134.00 	0.56 	 840662.00	175.68	180.49	863740.00	ff019_02.txt
0.00015562 	6425.00000000 	6425.00 	8128.00 	0.44 	 818094.00	174.79	180.13	841670.00	ff019_03.txt
0.00015562 	6425.00000000 	6425.00 	8137.00 	0.56 	 855884.00	178.16	183.23	880402.00	ff019_04.txt
0.00013953 	7166.00000000 	7166.00 	8525.00 	0.41 	 817783.00	176.81	182.64	844860.00	ff020_00.txt
0.00013953 	7166.00000000 	7166.00 	8510.00 	0.49 	 844420.00	175.02	180.09	866325.00	ff020_01.txt
0.00013953 	7166.00000000 	7166.00 	8508.00 	0.54 	 837957.00	174.68	180.07	860806.00	ff020_02.txt
0.00013953 	7166.00000000 	7166.00 	8512.00 	0.44 	 836308.00	176.57	182.12	860586.00	ff020_03.txt
0.00013953 	7166.00000000 	7166.00 	8502.00 	0.51 	 834545.00	180.15	186.12	861718.00	ff020_04.txt
0.00013822 	7234.00000000 	7234.00 	8955.00 	0.48 	 840839.00	176.30	181.47	864918.00	ff021_00.txt
0.00013822 	7234.00000000 	7234.00 	8951.00 	0.49 	 838078.00	177.22	182.32	862365.00	ff021_01.txt
0.00013822 	7234.00000000 	7234.00 	8957.00 	0.46 	 841914.00	178.58	183.81	865002.00	ff021_02.txt
0.00013822 	7234.00000000 	7234.00 	8955.00 	0.46 	 839357.00	177.68	183.23	866208.00	ff021_03.txt
0.00013822 	7234.00000000 	7234.00 	8953.00 	0.52 	 845631.00	178.25	183.29	868445.00	ff021_04.txt
0.00014136 	7073.00000000 	7073.00 	8600.00 	0.51 	 826130.00	178.12	183.48	849644.00	ff022_00.txt
0.00014136 	7073.00000000 	7073.00 	8597.00 	0.50 	 844852.00	177.41	182.26	867035.00	ff022_01.txt
0.00014136 	7073.00000000 	7073.00 	8612.00 	0.44 	 814420.00	178.48	183.55	837557.00	ff022_02.txt
0.00014136 	7073.00000000 	7073.00 	8600.00 	0.52 	 802842.00	175.41	181.02	829227.00	ff022_03.txt
0.00014136 	7073.00000000 	7073.00 	8606.00 	0.52 	 809157.00	178.71	183.88	832825.00	ff022_04.txt
0.00018594 	5377.00000000 	5377.00 	7515.00 	0.54 	 858764.00	176.68	180.99	878765.00	ff023_00.txt
0.00018594 	5377.00000000 	5377.00 	7494.00 	0.62 	 841050.00	176.44	181.17	862994.00	ff023_01.txt
0.00018594 	5377.00000000 	5377.00 	7497.00 	0.46 	 850135.00	176.36	181.23	872459.00	ff023_02.txt
0.00018594 	5377.00000000 	5377.00 	7501.00 	0.51 	 854835.00	178.32	182.86	875156.00	ff023_03.txt
0.00018594 	5377.00000000 	5377.00 	7498.00 	0.52 	 845406.00	176.43	181.30	868075.00	ff023_04.txt
0.00014110 	7086.00000000 	7086.00 	9376.00 	0.55 	 846522.00	177.97	183.56	870625.00	ff024_00.txt
0.00014110 	7086.00000000 	7086.00 	9389.00 	0.50 	 863217.00	177.15	183.37	892944.00	ff024_01.txt
0.00014110 	7086.00000000 	7086.00 	9380.00 	0.44 	 852192.00	178.85	184.81	879270.00	ff024_02.txt
0.00014110 	7086.00000000 	7086.00 	9384.00 	0.44 	 851275.00	175.70	181.32	876994.00	ff024_03.txt
0.00014110 	7086.00000000 	7086.00 	9393.00 	0.41 	 836324.00	177.19	182.70	858971.00	ff024_04.txt
0.00013407 	7458.00000000 	7458.00 	8812.00 	0.52 	 790439.00	179.18	184.26	813319.00	ff025_00.txt
0.00013407 	7458.00000000 	7458.00 	8821.00 	0.43 	 804587.00	180.16	184.95	825065.00	ff025_01.txt
0.00013407 	7458.00000000 	7458.00 	8809.00 	0.50 	 785918.00	178.94	183.45	804388.00	ff025_02.txt
0.00013407 	7458.00000000 	7458.00 	8816.00 	0.51 	 799815.00	180.21	184.25	817328.00	ff025_03.txt
0.00013407 	7458.00000000 	7458.00 	8822.00 	0.52 	 785038.00	179.89	184.58	804868.00	ff025_04.txt
0.00010941 	9139.00000000 	9139.00 	10465.00 	0.46 	 814380.00	175.48	180.29	835348.00	ff026_00.txt
0.00010941 	9139.00000000 	9139.00 	10465.00 	0.40 	 837741.00	176.55	181.03	858340.00	ff026_01.txt
0.00010941 	9139.00000000 	9139.00 	10464.00 	0.51 	 845784.00	179.88	184.32	866931.00	ff026_02.txt
0.00010941 	9139.00000000 	9139.00 	10469.00 	0.48 	 813893.00	176.22	180.43	832825.00	ff026_03.txt
0.00010941 	9139.00000000 	9139.00 	10465.00 	0.55 	 823213.00	177.64	182.74	846324.00	ff026_04.txt
0.00013046 	7664.00000000 	7664.00 	10059.00 	0.49 	 833133.00	179.87	185.34	855831.00	ff027_00.txt
0.00013046 	7664.00000000 	7664.00 	10045.00 	0.43 	 839534.00	178.13	184.06	865482.00	ff027_01.txt
0.00013046 	7664.00000000 	7664.00 	10046.00 	0.43 	 842541.00	175.79	181.98	871523.00	ff027_02.txt
0.00013046 	7664.00000000 	7664.00 	10027.00 	0.45 	 829986.00	177.81	183.30	854435.00	ff027_03.txt
0.00013046 	7664.00000000 	7664.00 	10063.00 	0.43 	 826821.00	176.97	183.00	854907.00	ff027_04.txt
0.00016625 	6014.00000000 	6014.00 	8351.00 	0.52 	 782958.00	175.01	180.16	805025.00	ff028_00.txt
0.00016625 	6014.00000000 	6014.00 	8354.00 	0.61 	 784323.00	175.39	180.53	807365.00	ff028_01.txt
0.00016625 	6014.00000000 	6014.00 	8349.00 	0.57 	 809038.00	179.16	184.05	829800.00	ff028_02.txt
0.00016625 	6014.00000000 	6014.00 	8352.00 	0.49 	 772217.00	175.34	180.68	795013.00	ff028_03.txt
0.00016625 	6014.00000000 	6014.00 	8370.00 	0.48 	 759595.00	174.99	180.64	783544.00	ff028_04.txt
0.00018727 	5339.00000000 	5339.00 	7971.00 	0.46 	 903786.00	179.29	184.79	927544.00	ff029_00.txt
0.00018727 	5339.00000000 	5339.00 	7971.00 	0.48 	 886620.00	174.62	180.33	913985.00	ff029_01.txt
0.00018727 	5339.00000000 	5339.00 	7981.00 	0.43 	 873758.00	175.01	180.67	901511.00	ff029_02.txt
0.00018727 	5339.00000000 	5339.00 	7970.00 	0.37 	 889023.00	175.58	181.33	916463.00	ff029_03.txt
0.00018727 	5339.00000000 	5339.00 	7964.00 	0.52 	 909313.00	178.32	184.09	938492.00	ff029_04.txt
0.00015147 	6601.00000000 	6601.00 	7841.00 	0.41 	 873611.00	177.62	183.20	901260.00	ff030_00.txt
0.00015147 	6601.00000000 	6601.00 	7846.00 	0.46 	 878744.00	178.77	183.88	902539.00	ff030_01.txt
0.00015147 	6601.00000000 	6601.00 	7846.00 	0.45 	 895298.00	179.54	184.69	918961.00	ff030_02.txt
0.00015147 	6601.00000000 	6601.00 	7847.00 	0.45 	 834177.00	180.09	186.03	860311.00	ff030_03.txt
0.00015147 	6601.00000000 	6601.00 	7846.00 	0.45 	 880443.00	177.18	182.55	905896.00	ff030_04.txt
0.00010121 	9879.00000000 	9879.00 	11175.00 	0.44 	 839687.00	179.62	184.69	863804.00	ff031_00.txt
0.00010121 	9879.00000000 	9879.00 	11191.00 	0.45 	 791562.00	178.47	183.65	813226.00	ff031_01.txt
0.00010121 	9879.00000000 	9879.00 	11187.00 	0.46 	 815003.00	175.53	180.32	837524.00	ff031_02.txt
0.00010121 	9879.00000000 	9879.00 	11188.00 	0.38 	 819548.00	178.17	183.08	841233.00	ff031_03.txt
0.00010121 	9879.00000000 	9879.00 	11174.00 	0.48 	 826387.00	178.60	183.73	849342.00	ff031_04.txt
0.00011777 	8490.00000000 	8490.00 	9850.00 	0.54 	 807669.00	175.31	180.12	830193.00	ff032_00.txt
0.00011777 	8490.00000000 	8490.00 	9849.00 	0.54 	 808814.00	177.40	182.32	830265.00	ff032_01.txt
0.00011777 	8490.00000000 	8490.00 	9841.00 	0.51 	 827716.00	177.07	181.93	849210.00	ff032_02.txt
0.00011777 	8490.00000000 	8490.00 	9851.00 	0.45 	 807653.00	175.80	180.35	826756.00	ff032_03.txt
0.00011777 	8490.00000000 	8490.00 	9841.00 	0.50 	 814822.00	175.75	180.03	833001.00	ff032_04.txt
0.00014152 	7065.00000000 	7065.00 	8521.00 	0.46 	 792013.00	179.88	185.60	815975.00	ff033_00.txt
0.00014152 	7065.00000000 	7065.00 	8521.00 	0.45 	 781499.00	177.30	182.41	802954.00	ff033_01.txt
0.00014152 	7065.00000000 	7065.00 	8522.00 	0.50 	 801114.00	179.95	184.98	822281.00	ff033_02.txt
0.00014152 	7065.00000000 	7065.00 	8514.00 	0.57 	 781975.00	175.88	180.88	802995.00	ff033_03.txt
0.00014152 	7065.00000000 	7065.00 	8519.00 	0.57 	 793746.00	177.58	182.59	817425.00	ff033_04.txt
0.00011759 	8503.00000000 	8503.00 	9558.00 	0.52 	 853473.00	178.51	183.10	875550.00	ff034_00.txt
0.00011759 	8503.00000000 	8503.00 	9567.00 	0.44 	 848214.00	177.14	181.60	868624.00	ff034_01.txt
0.00011759 	8503.00000000 	8503.00 	9567.00 	0.48 	 853557.00	178.12	182.92	875990.00	ff034_02.txt
0.00011759 	8503.00000000 	8503.00 	9560.00 	0.49 	 850188.00	178.54	182.66	869178.00	ff034_03.txt
0.00011759 	8503.00000000 	8503.00 	9550.00 	0.49 	 846657.00	179.91	185.18	870803.00	ff034_04.txt
0.00014923 	6700.00000000 	6700.00 	8201.00 	0.43 	 888473.00	177.11	181.94	911127.00	ff035_00.txt
0.00014923 	6700.00000000 	6700.00 	8205.00 	0.46 	 872310.00	179.88	184.98	896426.00	ff035_01.txt
0.00014923 	6700.00000000 	6700.00 	8204.00 	0.46 	 869928.00	176.66	182.01	894895.00	ff035_02.txt
0.00014923 	6700.00000000 	6700.00 	8194.00 	0.49 	 881794.00	178.10	183.39	907937.00	ff035_03.txt
0.00014923 	6700.00000000 	6700.00 	8198.00 	0.50 	 868053.00	175.94	180.76	889958.00	ff035_04.txt
0.00012587 	7944.00000000 	7944.00 	9213.00 	0.38 	 809960.00	178.69	185.06	836845.00	ff036_00.txt
0.00012587 	7944.00000000 	7944.00 	9217.00 	0.43 	 790165.00	176.37	182.33	815493.00	ff036_01.txt
0.00012587 	7944.00000000 	7944.00 	9214.00 	0.40 	 802223.00	175.43	180.87	825130.00	ff036_02.txt
0.00012587 	7944.00000000 	7944.00 	9213.00 	0.37 	 792991.00	180.25	186.20	816853.00	ff036_03.txt
0.00012587 	7944.00000000 	7944.00 	9214.00 	0.45 	 783901.00	179.31	185.66	810296.00	ff036_04.txt
0.00009680 	10330.00000000 	10330.00 	11041.00 	0.41 	 873107.00	178.21	182.59	892945.00	ff037_00.txt
0.00009680 	10330.00000000 	10330.00 	11044.00 	0.44 	 836783.00	179.35	184.01	857766.00	ff037_01.txt
0.00009680 	10330.00000000 	10330.00 	11013.00 	0.35 	 875997.00	179.79	184.16	896928.00	ff037_02.txt
0.00009680 	10330.00000000 	10330.00 	11008.00 	0.46 	 863639.00	176.85	181.39	884452.00	ff037_03.txt
0.00009680 	10330.00000000 	10330.00 	11024.00 	0.46 	 869492.00	175.82	180.47	892782.00	ff037_04.txt
0.00011182 	8942.00000000 	8942.00 	10203.00 	0.49 	 822531.00	178.87	183.51	844279.00	ff038_00.txt
0.00011182 	8942.00000000 	8942.00 	10201.00 	0.48 	 830433.00	179.92	184.58	852189.00	ff038_01.txt
0.00011182 	8942.00000000 	8942.00 	10212.00 	0.50 	 836158.00	176.33	181.27	858979.00	ff038_02.txt
0.00011182 	8942.00000000 	8942.00 	10201.00 	0.52 	 792994.00	176.08	180.38	811210.00	ff038_03.txt
0.00011182 	8942.00000000 	8942.00 	10215.00 	0.48 	 808310.00	177.28	182.15	829083.00	ff038_04.txt
0.00012880 	7763.00000000 	7763.00 	8870.00 	0.43 	 838853.00	179.38	184.96	863361.00	ff039_00.txt
0.00012880 	7763.00000000 	7763.00 	8877.00 	0.40 	 819883.00	174.01	180.04	846807.00	ff039_01.txt
0.00012880 	7763.00000000 	7763.00 	8861.00 	0.46 	 841312.00	176.20	181.88	868844.00	ff039_02.txt
0.00012880 	7763.00000000 	7763.00 	8872.00 	0.56 	 867638.00	179.67	185.81	894033.00	ff039_03.txt
0.00012880 	7763.00000000 	7763.00 	8878.00 	0.46 	 821511.00	174.62	180.69	847609.00	ff039_04.txt
0.00013401 	7461.00000000 	7461.00 	8447.00 	0.48 	 833994.00	179.43	183.62	852742.00	ff040_00.txt
0.00013401 	7461.00000000 	7461.00 	8454.00 	0.51 	 788946.00	178.20	182.76	808913.00	ff040_01.txt
0.00013401 	7461.00000000 	7461.00 	8462.00 	0.50 	 766264.00	175.96	180.49	785266.00	ff040_02.txt
0.00013401 	7461.00000000 	7461.00 	8448.00 	0.49 	 820367.00	179.48	183.98	840565.00	ff040_03.txt
0.00013401 	7461.00000000 	7461.00 	8451.00 	0.46 	 815158.00	178.97	183.00	832820.00	ff040_04.txt
0.00013872 	7208.00000000 	7208.00 	8290.00 	0.44 	 839813.00	175.59	180.06	860381.00	ff041_00.txt
0.00013872 	7208.00000000 	7208.00 	8295.00 	0.50 	 806223.00	175.84	180.77	828619.00	ff041_01.txt
0.00013872 	7208.00000000 	7208.00 	8292.00 	0.52 	 825786.00	177.78	181.98	844245.00	ff041_02.txt
0.00013872 	7208.00000000 	7208.00 	8285.00 	0.52 	 838380.00	178.35	182.88	859193.00	ff041_03.txt
0.00013872 	7208.00000000 	7208.00 	8295.00 	0.51 	 853586.00	178.71	183.28	874394.00	ff041_04.txt
0.00009547 	10473.00000000 	10473.00 	11441.00 	0.52 	 840247.00	175.76	180.80	863274.00	ff042_00.txt
0.00009547 	10473.00000000 	10473.00 	11452.00 	0.46 	 871144.00	180.10	184.99	894227.00	ff042_01.txt
0.00009547 	10473.00000000 	10473.00 	11448.00 	0.41 	 861337.00	177.97	182.68	882818.00	ff042_02.txt
0.00009547 	10473.00000000 	10473.00 	11428.00 	0.49 	 856054.00	177.37	181.40	873951.00	ff042_03.txt
0.00009547 	10473.00000000 	10473.00 	11440.00 	0.41 	 868025.00	179.54	184.08	889538.00	ff042_04.txt
0.00010328 	9681.00000000 	9681.00 	10495.00 	0.50 	 838649.00	178.69	182.64	855927.00	ff043_00.txt
0.00010328 	9681.00000000 	9681.00 	10527.00 	0.50 	 822851.00	176.91	181.08	841007.00	ff043_01.txt
0.00010328 	9681.00000000 	9681.00 	10497.00 	0.39 	 825687.00	178.44	182.64	843894.00	ff043_02.txt
0.00010328 	9681.00000000 	9681.00 	10493.00 	0.49 	 826028.00	177.14	181.40	846354.00	ff043_03.txt
0.00010328 	9681.00000000 	9681.00 	10488.00 	0.46 	 825957.00	178.44	182.57	843914.00	ff043_04.txt
0.00012844 	7785.00000000 	7785.00 	9319.00 	0.49 	 802300.00	176.20	181.16	824694.00	ff044_00.txt
0.00012844 	7785.00000000 	7785.00 	9315.00 	0.40 	 837225.00	176.36	180.83	857318.00	ff044_01.txt
0.00012844 	7785.00000000 	7785.00 	9318.00 	0.41 	 816905.00	176.79	181.91	840581.00	ff044_02.txt
0.00012844 	7785.00000000 	7785.00 	9317.00 	0.50 	 840044.00	179.88	184.35	859235.00	ff044_03.txt
0.00012844 	7785.00000000 	7785.00 	9316.00 	0.43 	 864260.00	179.14	183.91	887700.00	ff044_04.txt
0.00011554 	8654.00000000 	8654.00 	9619.00 	0.49 	 851336.00	176.86	181.30	872123.00	ff045_00.txt
0.00011554 	8654.00000000 	8654.00 	9606.00 	0.60 	 827191.00	178.43	183.03	848783.00	ff045_01.txt
0.00011554 	8654.00000000 	8654.00 	9609.00 	0.57 	 808245.00	177.16	182.58	832036.00	ff045_02.txt
0.00011554 	8654.00000000 	8654.00 	9601.00 	0.52 	 843976.00	177.19	181.63	865601.00	ff045_03.txt
0.00011554 	8654.00000000 	8654.00 	9613.00 	0.48 	 839525.00	176.49	180.88	859898.00	ff045_04.txt
0.00010009 	9990.00000000 	9990.00 	11220.00 	0.46 	 821638.00	178.07	182.39	841316.00	ff046_00.txt
0.00010009 	9990.00000000 	9990.00 	11190.00 	0.55 	 816780.00	179.17	183.71	837242.00	ff046_01.txt
0.00010009 	9990.00000000 	9990.00 	11205.00 	0.38 	 850372.00	178.95	182.91	867944.00	ff046_02.txt
0.00010009 	9990.00000000 	9990.00 	11212.00 	0.40 	 827207.00	178.61	183.25	847789.00	ff046_03.txt
0.00010009 	9990.00000000 	9990.00 	11203.00 	0.56 	 817035.00	178.76	183.38	838206.00	ff046_04.txt
0.00009931 	10068.00000000 	10068.00 	10799.00 	0.50 	 827674.00	176.76	181.26	847412.00	ff047_00.txt
0.00009931 	10068.00000000 	10068.00 	10804.00 	0.51 	 815941.00	176.99	182.00	839646.00	ff047_01.txt
0.00009931 	10068.00000000 	10068.00 	10800.00 	0.44 	 829215.00	178.34	182.64	849074.00	ff047_02.txt
0.00009931 	10068.00000000 	10068.00 	10801.00 	0.51 	 831794.00	177.92	182.58	853808.00	ff047_03.txt
0.00009931 	10068.00000000 	10068.00 	10800.00 	0.51 	 813797.00	178.82	183.25	834178.00	ff047_04.txt
0.00008537 	11713.00000000 	11713.00 	12289.00 	0.50 	 844073.00	179.66	184.80	867798.00	ff048_00.txt
0.00008537 	11713.00000000 	11713.00 	12293.00 	0.44 	 859547.00	175.61	180.33	881444.00	ff048_01.txt
0.00008537 	11713.00000000 	11713.00 	12271.00 	0.49 	 876166.00	177.83	182.17	896537.00	ff048_02.txt
0.00008537 	11713.00000000 	11713.00 	12277.00 	0.45 	 845697.00	177.20	181.71	866132.00	ff048_03.txt
0.00008537 	11713.00000000 	11713.00 	12295.00 	0.44 	 844020.00	176.22	180.90	867306.00	ff048_04.txt
0.00011758 	8504.00000000 	8504.00 	10186.00 	0.46 	 871341.00	176.87	181.61	894951.00	ff049_00.txt
0.00011758 	8504.00000000 	8504.00 	10171.00 	0.48 	 871621.00	176.82	181.36	892443.00	ff049_01.txt
0.00011758 	8504.00000000 	8504.00 	10184.00 	0.50 	 859290.00	179.10	183.83	883348.00	ff049_02.txt
0.00011758 	8504.00000000 	8504.00 	10177.00 	0.55 	 866362.00	179.13	183.54	886845.00	ff049_03.txt
0.00011758 	8504.00000000 	8504.00 	10177.00 	0.52 	 879859.00	180.07	184.46	899812.00	ff049_04.txt
0.00012255 	8159.00000000 	8159.00 	9025.00 	0.44 	 859206.00	176.08	180.53	879587.00	ff050_00.txt
0.00012255 	8159.00000000 	8159.00 	9025.00 	0.56 	 855082.00	178.11	182.87	877715.00	ff050_01.txt
0.00012255 	8159.00000000 	8159.00 	9032.00 	0.45 	 870499.00	179.91	184.11	890219.00	ff050_02.txt
0.00012255 	8159.00000000 	8159.00 	9030.00 	0.55 	 861112.00	179.58	184.38	883962.00	ff050_03.txt
0.00012255 	8159.00000000 	8159.00 	9027.00 	0.51 	 858838.00	178.19	182.93	881752.00	ff050_04.txt
0.00010565 	9464.00000000 	9464.00 	10491.00 	0.57 	 850436.00	177.29	181.37	869773.00	ff051_00.txt
0.00010565 	9464.00000000 	9464.00 	10457.00 	0.48 	 839690.00	177.16	181.66	860924.00	ff051_01.txt
0.00010565 	9464.00000000 	9464.00 	10456.00 	0.54 	 872179.00	177.76	181.51	890082.00	ff051_02.txt
0.00010565 	9464.00000000 	9464.00 	10459.00 	0.56 	 887400.00	179.47	183.60	906191.00	ff051_03.txt
0.00010565 	9464.00000000 	9464.00 	10458.00 	0.54 	 861722.00	177.50	181.34	879078.00	ff051_04.txt
0.00010896 	9177.00000000 	9177.00 	10355.00 	0.52 	 840735.00	178.70	183.36	862087.00	ff052_00.txt
0.00010896 	9177.00000000 	9177.00 	10371.00 	0.56 	 842472.00	177.77	182.05	861349.00	ff052_01.txt
0.00010896 	9177.00000000 	9177.00 	10359.00 	0.51 	 845735.00	177.90	181.90	863253.00	ff052_02.txt
0.00010896 	9177.00000000 	9177.00 	10365.00 	0.35 	 846923.00	178.59	182.78	865368.00	ff052_03.txt
0.00010896 	9177.00000000 	9177.00 	10360.00 	0.37 	 850253.00	178.49	182.77	869478.00	ff052_04.txt
0.00011135 	8980.00000000 	8980.00 	10184.00 	0.60 	 825479.00	179.41	184.14	846801.00	ff053_00.txt
0.00011135 	8980.00000000 	8980.00 	10193.00 	0.49 	 847581.00	179.36	184.08	869442.00	ff053_01.txt
0.00011135 	8980.00000000 	8980.00 	10185.00 	0.52 	 825280.00	176.66	181.55	848097.00	ff053_02.txt
0.00011135 	8980.00000000 	8980.00 	10189.00 	0.48 	 852589.00	179.58	184.13	873739.00	ff053_03.txt
0.00011135 	8980.00000000 	8980.00 	10200.00 	0.51 	 826541.00	176.23	180.77	847086.00	ff053_04.txt
0.00011510 	8687.00000000 	8687.00 	9414.00 	0.56 	 786875.00	176.30	180.55	805543.00	ff054_00.txt
0.00011510 	8687.00000000 	8687.00 	9416.00 	0.59 	 813357.00	178.45	182.97	832799.00	ff054_01.txt
0.00011510 	8687.00000000 	8687.00 	9414.00 	0.49 	 828796.00	179.81	183.65	845141.00	ff054_02.txt
0.00011502 	8693.00000000 	8693.00 	9429.00 	0.55 	 834692.00	180.31	184.30	852199.00	ff054_03.txt
0.00011510 	8687.00000000 	8687.00 	9423.00 	0.59 	 813741.00	179.57	184.13	833999.00	ff054_04.txt
0.00009206 	10861.00000000 	10861.00 	11581.00 	0.56 	 857497.00	179.49	183.67	876385.00	ff055_00.txt
0.00009206 	10861.00000000 	10861.00 	11604.00 	0.56 	 853571.00	179.97	184.08	872512.00	ff055_01.txt
0.00009206 	10861.00000000 	10861.00 	11590.00 	0.56 	 815988.00	177.90	181.98	834534.00	ff055_02.txt
0.00009206 	10861.00000000 	10861.00 	11581.00 	0.46 	 857558.00	179.53	183.36	874144.00	ff055_03.txt
0.00009206 	10861.00000000 	10861.00 	11566.00 	0.50 	 858351.00	177.77	181.78	876584.00	ff055_04.txt
0.00009715 	10292.00000000 	10292.00 	11068.00 	0.46 	 871818.00	178.93	183.57	894322.00	ff056_00.txt
0.00009715 	10292.00000000 	10292.00 	11094.00 	0.48 	 832722.00	176.76	181.50	852971.00	ff056_01.txt
0.00009715 	10292.00000000 	10292.00 	11097.00 	0.49 	 821261.00	177.39	182.33	841525.00	ff056_02.txt
0.00009715 	10292.00000000 	10292.00 	11089.00 	0.54 	 824307.00	175.91	180.67	847495.00	ff056_03.txt
0.00009715 	10292.00000000 	10292.00 	11075.00 	0.50 	 859357.00	178.31	182.86	881202.00	ff056_04.txt
0.00012752 	7841.00000000 	7841.00 	9210.00 	0.41 	 845177.00	179.46	185.06	871106.00	ff057_00.txt
0.00012752 	7841.00000000 	7841.00 	9221.00 	0.52 	 824602.00	176.23	181.72	849428.00	ff057_01.txt
0.00012752 	7841.00000000 	7841.00 	9201.00 	0.45 	 856686.00	180.06	185.77	882627.00	ff057_02.txt
0.00012752 	7841.00000000 	7841.00 	9216.00 	0.39 	 770901.00	175.62	181.91	796344.00	ff057_03.txt
0.00012752 	7841.00000000 	7841.00 	9208.00 	0.44 	 842376.00	178.53	184.17	867201.00	ff057_04.txt
0.00009433 	10600.00000000 	10600.00 	12019.00 	0.46 	 882178.00	177.96	182.01	901510.00	ff058_00.txt
0.00009433 	10600.00000000 	10600.00 	12057.00 	0.43 	 873548.00	177.95	182.27	894409.00	ff058_01.txt
0.00009433 	10600.00000000 	10600.00 	12033.00 	0.52 	 854535.00	176.08	180.75	877120.00	ff058_02.txt
0.00009433 	10600.00000000 	10600.00 	12043.00 	0.51 	 854584.00	177.64	182.04	875496.00	ff058_03.txt
0.00009433 	10600.00000000 	10600.00 	12019.00 	0.48 	 854537.00	177.16	181.40	874629.00	ff058_04.txt
0.00011450 	8733.00000000 	8733.00 	9843.00 	0.48 	 782988.00	177.01	181.58	801636.00	ff059_00.txt
0.00011450 	8733.00000000 	8733.00 	9836.00 	0.52 	 772341.00	179.61	184.43	792145.00	ff059_01.txt
0.00011450 	8733.00000000 	8733.00 	9828.00 	0.46 	 774375.00	175.07	180.37	797794.00	ff059_02.txt
0.00011450 	8733.00000000 	8733.00 	9821.00 	0.48 	 767690.00	177.12	181.61	786100.00	ff059_03.txt
0.00011450 	8733.00000000 	8733.00 	9808.00 	0.61 	 786035.00	178.26	183.20	806651.00	ff059_04.txt
0.00009693 	10316.00000000 	10316.00 	11538.00 	0.46 	 880256.00	177.94	182.54	901733.00	ff060_00.txt
0.00009693 	10316.00000000 	10316.00 	11500.00 	0.46 	 858794.00	178.39	182.92	880016.00	ff060_01.txt
0.00009693 	10316.00000000 	10316.00 	11528.00 	0.52 	 855800.00	178.00	182.08	874568.00	ff060_02.txt
0.00009693 	10316.00000000 	10316.00 	11518.00 	0.57 	 875324.00	176.91	180.88	893556.00	ff060_03.txt
0.00009693 	10316.00000000 	10316.00 	11507.00 	0.55 	 906240.00	179.72	183.66	924349.00	ff060_04.txt
0.00008578 	11657.00000000 	11657.00 	12624.00 	0.55 	 844858.00	176.82	181.09	864542.00	ff061_00.txt
0.00008578 	11657.00000000 	11657.00 	12597.00 	0.56 	 835917.00	176.13	180.54	856237.00	ff061_01.txt
0.00008578 	11657.00000000 	11657.00 	12605.00 	0.51 	 843703.00	175.80	180.21	864173.00	ff061_02.txt
0.00008578 	11657.00000000 	11657.00 	12573.00 	0.52 	 864923.00	178.88	183.03	883107.00	ff061_03.txt
0.00008578 	11657.00000000 	11657.00 	12607.00 	0.39 	 861586.00	178.81	183.21	881378.00	ff061_04.txt
0.00010054 	9945.00000000 	9945.00 	10886.00 	0.45 	 827139.00	178.18	182.47	847323.00	ff062_00.txt
0.00010054 	9945.00000000 	9945.00 	10890.00 	0.43 	 818217.00	177.70	182.03	837288.00	ff062_01.txt
0.00010054 	9945.00000000 	9945.00 	10880.00 	0.51 	 864704.00	180.05	184.90	888005.00	ff062_02.txt
0.00010054 	9945.00000000 	9945.00 	10866.00 	0.57 	 841432.00	180.13	184.76	862537.00	ff062_03.txt
0.00010054 	9945.00000000 	9945.00 	10866.00 	0.46 	 850272.00	177.03	181.33	870120.00	ff062_04.txt
0.00009978 	10021.00000000 	10021.00 	10964.00 	0.50 	 854369.00	179.37	184.08	876526.00	ff063_00.txt
0.00009978 	10021.00000000 	10021.00 	10953.00 	0.43 	 866720.00	176.40	180.40	885968.00	ff063_01.txt
0.00009978 	10021.00000000 	10021.00 	10957.00 	0.49 	 881168.00	179.76	183.79	900374.00	ff063_02.txt
0.00009978 	10021.00000000 	10021.00 	10961.00 	0.43 	 885604.00	179.90	183.88	904237.00	ff063_03.txt
0.00009978 	10021.00000000 	10021.00 	10961.00 	0.54 	 876739.00	179.62	184.14	897247.00	ff063_04.txt
0.00009300 	10752.00000000 	10752.00 	11669.00 	0.55 	 848999.00	178.20	182.05	866107.00	ff064_00.txt
0.00009396 	10642.00000000 	10642.00 	11732.00 	0.56 	 858645.00	180.12	184.53	879507.00	ff064_01.txt
0.00009283 	10771.00000000 	10771.00 	11792.00 	0.40 	 856905.00	180.10	184.52	877947.00	ff064_02.txt
0.00009396 	10642.00000000 	10642.00 	11678.00 	0.49 	 851417.00	176.20	180.43	870629.00	ff064_03.txt
0.00009396 	10642.00000000 	10642.00 	11661.00 	0.51 	 850606.00	179.67	183.38	866332.00	ff064_04.txt
0.00010382 	9631.00000000 	9631.00 	10859.00 	0.56 	 809605.00	176.71	181.62	832869.00	ff065_00.txt
0.00010382 	9631.00000000 	9631.00 	10891.00 	0.59 	 814881.00	176.63	181.87	839005.00	ff065_01.txt
0.00010382 	9631.00000000 	9631.00 	10863.00 	0.38 	 823999.00	177.58	181.99	844794.00	ff065_02.txt
0.00010382 	9631.00000000 	9631.00 	10851.00 	0.46 	 826255.00	178.98	183.52	846786.00	ff065_03.txt
0.00010382 	9631.00000000 	9631.00 	10853.00 	0.51 	 830655.00	178.51	182.40	847275.00	ff065_04.txt
0.00008329 	12005.00000000 	12005.00 	12736.00 	0.50 	 851496.00	178.61	182.64	869464.00	ff066_00.txt
0.00008329 	12005.00000000 	12005.00 	12752.00 	0.44 	 828563.00	175.85	180.05	847359.00	ff066_01.txt
0.00008329 	12005.00000000 	12005.00 	12738.00 	0.50 	 846215.00	177.12	181.70	867915.00	ff066_02.txt
0.00008329 	12005.00000000 	12005.00 	12735.00 	0.48 	 843570.00	176.86	181.43	864378.00	ff066_03.txt
0.00008329 	12005.00000000 	12005.00 	12738.00 	0.54 	 819121.00	176.42	180.88	839284.00	ff066_04.txt
0.00009459 	10571.00000000 	10571.00 	11171.00 	0.43 	 790574.00	177.15	181.34	808578.00	ff067_00.txt
0.00009459 	10571.00000000 	10571.00 	11140.00 	0.44 	 796958.00	176.01	180.36	816358.00	ff067_01.txt
0.00009459 	10571.00000000 	10571.00 	11152.00 	0.46 	 781389.00	177.89	182.07	798729.00	ff067_02.txt
0.00009459 	10571.00000000 	10571.00 	11141.00 	0.43 	 793905.00	176.24	180.86	813550.00	ff067_03.txt
0.00009459 	10571.00000000 	10571.00 	11133.00 	0.37 	 812205.00	180.05	184.37	831629.00	ff067_04.txt
0.00008335 	11996.00000000 	11996.00 	13010.00 	0.52 	 864779.00	179.70	183.50	881340.00	ff068_00.txt
0.00008335 	11996.00000000 	11996.00 	13019.00 	0.52 	 819338.00	176.23	180.41	837575.00	ff068_01.txt
0.00008335 	11996.00000000 	11996.00 	13043.00 	0.56 	 830250.00	176.21	180.72	850782.00	ff068_02.txt
0.00008335 	11996.00000000 	11996.00 	13025.00 	0.56 	 861591.00	178.15	182.58	883655.00	ff068_03.txt
0.00008335 	11996.00000000 	11996.00 	13025.00 	0.56 	 833217.00	176.77	180.75	850709.00	ff068_04.txt
0.00008819 	11338.00000000 	11338.00 	11869.00 	0.41 	 853667.00	175.92	180.44	875435.00	ff069_00.txt
0.00008819 	11338.00000000 	11338.00 	11868.00 	0.48 	 855338.00	179.53	183.79	875001.00	ff069_01.txt
0.00008819 	11338.00000000 	11338.00 	11876.00 	0.57 	 867696.00	179.93	184.31	888042.00	ff069_02.txt
0.00008819 	11338.00000000 	11338.00 	11882.00 	0.50 	 826770.00	176.18	180.20	844283.00	ff069_03.txt
0.00008819 	11338.00000000 	11338.00 	11877.00 	0.50 	 847874.00	177.62	182.02	868458.00	ff069_04.txt
