0.00013702 	7297.00000000 	7297.00 	9099.00 	0.51 	 279439.00	58.81	61.20	289577.00	ss000_00.txt
0.00013702 	7297.00000000 	7297.00 	9113.00 	0.57 	 273980.00	57.86	60.17	283916.00	ss000_01.txt
0.00013702 	7297.00000000 	7297.00 	9099.00 	0.60 	 283809.00	58.77	61.21	294519.00	ss000_02.txt
0.00013702 	7297.00000000 	7297.00 	9083.00 	0.46 	 285577.00	60.14	62.94	298717.00	ss000_03.txt
0.00013702 	7297.00000000 	7297.00 	9088.00 	0.54 	 269442.00	58.43	61.17	281714.00	ss000_04.txt
0.00021872 	4571.00000000 	4571.00 	9023.00 	0.48 	 341495.00	57.96	61.03	358616.00	ss001_00.txt
0.00021872 	4571.00000000 	4571.00 	9023.00 	0.54 	 343601.00	59.00	62.03	359999.00	ss001_01.txt
0.00021872 	4571.00000000 	4571.00 	9073.00 	0.39 	 338538.00	57.99	61.11	356128.00	ss001_02.txt
0.00021872 	4571.00000000 	4571.00 	9039.00 	0.52 	 343063.00	58.25	61.38	360702.00	ss001_03.txt
0.00021872 	4571.00000000 	4571.00 	9009.00 	0.57 	 352474.00	57.09	60.22	371037.00	ss001_04.txt
0.00012958 	7716.00000000 	7716.00 	9702.00 	0.38 	 295409.00	59.82	62.29	306982.00	ss002_00.txt
0.00012958 	7716.00000000 	7716.00 	9708.00 	0.49 	 288662.00	58.42	60.99	300489.00	ss002_01.txt
0.00012958 	7716.00000000 	7716.00 	9711.00 	0.42 	 289750.00	57.97	60.39	301292.00	ss002_02.txt
0.00012958 	7716.00000000 	7716.00 	9749.00 	0.48 	 284617.00	59.12	62.19	298702.00	ss002_03.txt
0.00012958 	7716.00000000 	7716.00 	9728.00 	0.45 	 278009.00	57.68	60.57	293301.00	ss002_04.txt
0.00024546 	4073.00000000 	4073.00 	9383.00 	0.46 	 358736.00	59.06	62.04	376739.00	ss003_00.txt
0.00024546 	4073.00000000 	4073.00 	9343.00 	0.43 	 364105.00	58.70	61.66	381918.00	ss003_01.txt
0.00024546 	4073.00000000 	4073.00 	9342.00 	0.42 	 365369.00	59.56	62.36	381056.00	ss003_02.txt
0.00024546 	4073.00000000 	4073.00 	9349.00 	0.39 	 356575.00	57.63	60.38	372743.00	ss003_03.txt
0.00024546 	4073.00000000 	4073.00 	9426.00 	0.51 	 352713.00	57.86	60.80	369611.00	ss003_04.txt
0.00016469 	6071.00000000 	6071.00 	8432.00 	0.50 	 306552.00	59.09	61.57	319276.00	ss004_00.txt
0.00016469 	6071.00000000 	6071.00 	8446.00 	0.42 	 305328.00	58.05	60.64	318666.00	ss004_01.txt
0.00016469 	6071.00000000 	6071.00 	8439.00 	0.50 	 311283.00	60.14	62.75	323982.00	ss004_02.txt
0.00016469 	6071.00000000 	6071.00 	8467.00 	0.46 	 303160.00	57.78	60.34	315851.00	ss004_03.txt
0.00016469 	6071.00000000 	6071.00 	8472.00 	0.49 	 292386.00	57.64	60.42	306502.00	ss004_04.txt
0.00016639 	6009.00000000 	6009.00 	7796.00 	0.46 	 270167.00	59.49	62.55	283591.00	ss005_00.txt
0.00016639 	6009.00000000 	6009.00 	7804.00 	0.44 	 270463.00	59.38	62.60	284545.00	ss005_01.txt
0.00016639 	6009.00000000 	6009.00 	7794.00 	0.51 	 261502.00	57.91	60.71	273976.00	ss005_02.txt
0.00016639 	6009.00000000 	6009.00 	7792.00 	0.43 	 264977.00	59.17	62.33	279027.00	ss005_03.txt
0.00016639 	6009.00000000 	6009.00 	7794.00 	0.50 	 273715.00	58.21	61.13	286896.00	ss005_04.txt
0.00018288 	5467.00000000 	5467.00 	9844.00 	0.43 	 360841.00	58.57	61.60	379159.00	ss006_00.txt
0.00018288 	5467.00000000 	5467.00 	9870.00 	0.44 	 379014.00	59.50	62.26	395209.00	ss006_01.txt
0.00018288 	5467.00000000 	5467.00 	9848.00 	0.45 	 373919.00	58.50	61.84	395540.00	ss006_02.txt
0.00018288 	5467.00000000 	5467.00 	9893.00 	0.44 	 349697.00	58.74	61.26	363339.00	ss006_03.txt
0.00018288 	5467.00000000 	5467.00 	9890.00 	0.46 	 364991.00	58.67	61.26	379489.00	ss006_04.txt
0.00025833 	3870.00000000 	3870.00 	8878.00 	0.52 	 380884.00	60.02	62.60	396576.00	ss007_00.txt
0.00025833 	3870.00000000 	3870.00 	8880.00 	0.40 	 400246.00	59.75	62.54	418745.00	ss007_01.txt
0.00025833 	3870.00000000 	3870.00 	8955.00 	0.46 	 361763.00	58.05	60.85	378889.00	ss007_02.txt
0.00025833 	3870.00000000 	3870.00 	8893.00 	0.38 	 383500.00	57.29	60.17	402255.00	ss007_03.txt
0.00025833 	3870.00000000 	3870.00 	8890.00 	0.48 	 403459.00	59.55	62.29	421737.00	ss007_04.txt
0.00011387 	8781.00000000 	8781.00 	10360.00 	0.55 	 294870.00	60.12	62.81	309158.00	ss008_00.txt
0.00011387 	8781.00000000 	8781.00 	10351.00 	0.52 	 293431.00	58.72	60.93	304003.00	ss008_01.txt
0.00011387 	8781.00000000 	8781.00 	10398.00 	0.46 	 288575.00	59.29	61.70	299254.00	ss008_02.txt
0.00011387 	8781.00000000 	8781.00 	10410.00 	0.43 	 279311.00	57.59	60.15	290901.00	ss008_03.txt
0.00011387 	8781.00000000 	8781.00 	10390.00 	0.57 	 287235.00	58.73	60.94	297125.00	ss008_04.txt
0.00026961 	3708.00000000 	3708.00 	11941.00 	0.40 	 380164.00	59.04	61.82	396761.00	ss009_00.txt
0.00026961 	3708.00000000 	3708.00 	12076.00 	0.42 	 383648.00	59.58	62.29	400038.00	ss009_01.txt
0.00026961 	3708.00000000 	3708.00 	12140.00 	0.49 	 376680.00	59.50	62.50	395613.00	ss009_02.txt
0.00026961 	3708.00000000 	3708.00 	11868.00 	0.46 	 381380.00	58.75	62.04	402456.00	ss009_03.txt
0.00026961 	3708.00000000 	3708.00 	12496.00 	0.39 	 365174.00	57.14	60.03	382310.00	ss009_04.txt
0.00013784 	7254.00000000 	7254.00 	8771.00 	0.48 	 302512.00	58.87	62.18	319006.00	ss010_00.txt
0.00013784 	7254.00000000 	7254.00 	8737.00 	0.48 	 298711.00	56.94	60.06	314221.00	ss010_01.txt
0.00013784 	7254.00000000 	7254.00 	8734.00 	0.49 	 308317.00	58.79	61.96	323855.00	ss010_02.txt
0.00013784 	7254.00000000 	7254.00 	8677.00 	0.57 	 300623.00	59.17	62.71	317122.00	ss010_03.txt
0.00013784 	7254.00000000 	7254.00 	8739.00 	0.42 	 307148.00	58.69	61.67	321460.00	ss010_04.txt
0.00012002 	8331.00000000 	8331.00 	10401.00 	0.45 	 309570.00	57.74	60.37	323386.00	ss011_00.txt
0.00012002 	8331.00000000 	8331.00 	10405.00 	0.49 	 316880.00	60.19	62.60	329310.00	ss011_01.txt
0.00012002 	8331.00000000 	8331.00 	10422.00 	0.50 	 300267.00	57.43	60.17	314385.00	ss011_02.txt
0.00012002 	8331.00000000 	8331.00 	10409.00 	0.52 	 306287.00	58.21	60.89	319002.00	ss011_03.txt
0.00012002 	8331.00000000 	8331.00 	10432.00 	0.39 	 300852.00	58.47	61.01	313902.00	ss011_04.txt
0.00017091 	5850.00000000 	5850.00 	8213.00 	0.44 	 312758.00	58.68	61.89	329843.00	ss012_00.txt
0.00017091 	5850.00000000 	5850.00 	8226.00 	0.40 	 313979.00	58.49	61.28	328005.00	ss012_01.txt
0.00017091 	5850.00000000 	5850.00 	8204.00 	0.40 	 328522.00	58.76	61.80	344940.00	ss012_02.txt
0.00017091 	5850.00000000 	5850.00 	8213.00 	0.43 	 328097.00	59.06	62.09	344525.00	ss012_03.txt
0.00017091 	5850.00000000 	5850.00 	8206.00 	0.42 	 325488.00	58.91	61.80	340519.00	ss012_04.txt
0.00017340 	5766.00000000 	5766.00 	8443.00 	0.46 	 304062.00	58.25	61.38	319778.00	ss013_00.txt
0.00017340 	5766.00000000 	5766.00 	8440.00 	0.40 	 312682.00	58.71	61.68	327956.00	ss013_01.txt
0.00017340 	5766.00000000 	5766.00 	8414.00 	0.50 	 310932.00	58.39	61.68	328373.00	ss013_02.txt
0.00017340 	5766.00000000 	5766.00 	8442.00 	0.48 	 317879.00	58.16	61.26	334370.00	ss013_03.txt
0.00017340 	5766.00000000 	5766.00 	8462.00 	0.55 	 319004.00	59.75	62.77	334697.00	ss013_04.txt
0.00012812 	7804.00000000 	7804.00 	9409.00 	0.45 	 273269.00	57.11	60.06	287168.00	ss014_00.txt
0.00012812 	7804.00000000 	7804.00 	9345.00 	0.50 	 291400.00	60.01	62.48	302887.00	ss014_01.txt
0.00012812 	7804.00000000 	7804.00 	9355.00 	0.55 	 276357.00	58.59	61.09	288191.00	ss014_02.txt
0.00012812 	7804.00000000 	7804.00 	9379.00 	0.44 	 278689.00	58.00	61.03	292098.00	ss014_03.txt
0.00012812 	7804.00000000 	7804.00 	9407.00 	0.61 	 262120.00	58.03	60.84	275100.00	ss014_04.txt
0.00013870 	7209.00000000 	7209.00 	8988.00 	0.45 	 277008.00	57.72	60.45	289468.00	ss015_00.txt
0.00013870 	7209.00000000 	7209.00 	9018.00 	0.40 	 277109.00	58.74	61.44	288913.00	ss015_01.txt
0.00013870 	7209.00000000 	7209.00 	9015.00 	0.46 	 281811.00	58.31	60.73	292649.00	ss015_02.txt
0.00013870 	7209.00000000 	7209.00 	8988.00 	0.40 	 287591.00	60.21	63.25	301644.00	ss015_03.txt
0.00013870 	7209.00000000 	7209.00 	8963.00 	0.49 	 291254.00	60.12	62.72	303016.00	ss015_04.txt
0.00018474 	5412.00000000 	5412.00 	7603.00 	0.51 	 276801.00	58.79	61.71	290950.00	ss016_00.txt
0.00018474 	5412.00000000 	5412.00 	7629.00 	0.46 	 297257.00	59.59	62.46	312049.00	ss016_01.txt
0.00018474 	5412.00000000 	5412.00 	7628.00 	0.45 	 289159.00	58.68	61.78	304185.00	ss016_02.txt
0.00018474 	5412.00000000 	5412.00 	7630.00 	0.46 	 286858.00	59.32	62.05	298854.00	ss016_03.txt
0.00018474 	5412.00000000 	5412.00 	7599.00 	0.56 	 288626.00	57.79	60.88	304712.00	ss016_04.txt
0.00013701 	7298.00000000 	7298.00 	9946.00 	0.44 	 292684.00	59.81	63.15	309168.00	ss017_00.txt
0.00013701 	7298.00000000 	7298.00 	9972.00 	0.50 	 284334.00	59.17	62.18	297719.00	ss017_01.txt
0.00013701 	7298.00000000 	7298.00 	9935.00 	0.49 	 287640.00	57.60	60.63	301894.00	ss017_02.txt
0.00013701 	7298.00000000 	7298.00 	9940.00 	0.57 	 296226.00	60.18	63.50	311941.00	ss017_03.txt
0.00013701 	7298.00000000 	7298.00 	9970.00 	0.40 	 295750.00	59.87	62.77	309787.00	ss017_04.txt
0.00012687 	7881.00000000 	7881.00 	9435.00 	0.60 	 287514.00	58.98	61.30	297950.00	ss018_00.txt
0.00012687 	7881.00000000 	7881.00 	9398.00 	0.61 	 290617.00	60.16	62.67	302321.00	ss018_01.txt
0.00012687 	7881.00000000 	7881.00 	9421.00 	0.50 	 302935.00	59.68	61.77	312880.00	ss018_02.txt
0.00012687 	7881.00000000 	7881.00 	9407.00 	0.54 	 300806.00	60.07	62.54	313497.00	ss018_03.txt
0.00012687 	7881.00000000 	7881.00 	9390.00 	0.51 	 297220.00	58.81	61.12	308098.00	ss018_04.txt
0.00010946 	9135.00000000 	9135.00 	10546.00 	0.49 	 285755.00	59.04	61.40	296626.00	ss019_00.txt
0.00010946 	9135.00000000 	9135.00 	10535.00 	0.50 	 287191.00	59.87	62.37	299266.00	ss019_01.txt
0.00010946 	9135.00000000 	9135.00 	10519.00 	0.57 	 280704.00	58.61	61.09	292780.00	ss019_02.txt
0.00010946 	9135.00000000 	9135.00 	10564.00 	0.48 	 273717.00	58.34	60.96	286098.00	ss019_03.txt
0.00010946 	9135.00000000 	9135.00 	10554.00 	0.49 	 282400.00	58.40	60.67	292949.00	ss019_04.txt
0.00011585 	8631.00000000 	8631.00 	10475.00 	0.48 	 276994.00	57.92	60.56	289228.00	ss020_00.txt
0.00011585 	8631.00000000 	8631.00 	10528.00 	0.46 	 284841.00	60.06	62.66	296453.00	ss020_01.txt
0.00011585 	8631.00000000 	8631.00 	10472.00 	0.49 	 288195.00	59.53	62.06	301083.00	ss020_02.txt
0.00011585 	8631.00000000 	8631.00 	10537.00 	0.52 	 276954.00	57.92	60.69	290104.00	ss020_03.txt
0.00011585 	8631.00000000 	8631.00 	10535.00 	0.52 	 293777.00	60.17	62.61	305150.00	ss020_04.txt
0.00013732 	7281.00000000 	7281.00 	9193.00 	0.55 	 306572.00	59.73	62.74	320896.00	ss021_00.txt
0.00013732 	7281.00000000 	7281.00 	9198.00 	0.46 	 301882.00	57.75	60.46	314598.00	ss021_01.txt
0.00013732 	7281.00000000 	7281.00 	9190.00 	0.50 	 298693.00	59.06	62.27	315869.00	ss021_02.txt
0.00013732 	7281.00000000 	7281.00 	9201.00 	0.48 	 282439.00	57.85	60.73	296382.00	ss021_03.txt
0.00013732 	7281.00000000 	7281.00 	9209.00 	0.51 	 298162.00	58.91	62.04	313968.00	ss021_04.txt
0.00009524 	10499.00000000 	10499.00 	12463.00 	0.52 	 297140.00	59.54	62.07	308860.00	ss022_00.txt
0.00009524 	10499.00000000 	10499.00 	12524.00 	0.56 	 283022.00	58.85	61.22	293205.00	ss022_01.txt
0.00009524 	10499.00000000 	10499.00 	12413.00 	0.56 	 287583.00	58.75	61.36	300035.00	ss022_02.txt
0.00009524 	10499.00000000 	10499.00 	12416.00 	0.54 	 280345.00	58.04	60.68	292145.00	ss022_03.txt
0.00009524 	10499.00000000 	10499.00 	12498.00 	0.49 	 284664.00	57.93	60.44	296918.00	ss022_04.txt
0.00010384 	9629.00000000 	9629.00 	11681.00 	0.48 	 308192.00	58.31	61.40	322452.00	ss023_00.txt
0.00010384 	9629.00000000 	9629.00 	11655.00 	0.46 	 300748.00	58.02	60.46	312930.00	ss023_01.txt
0.00010384 	9629.00000000 	9629.00 	11631.00 	0.39 	 303299.00	58.37	61.61	320955.00	ss023_02.txt
0.00010384 	9629.00000000 	9629.00 	11676.00 	0.45 	 313012.00	59.10	61.95	327112.00	ss023_03.txt
0.00010384 	9629.00000000 	9629.00 	11710.00 	0.36 	 305780.00	57.59	60.23	319034.00	ss023_04.txt
0.00010460 	9559.00000000 	9559.00 	11513.00 	0.46 	 282323.00	57.90	60.55	295289.00	ss024_00.txt
0.00010460 	9559.00000000 	9559.00 	11437.00 	0.48 	 291333.00	59.98	62.54	303596.00	ss024_01.txt
0.00010460 	9559.00000000 	9559.00 	11507.00 	0.49 	 295473.00	58.86	61.46	307216.00	ss024_02.txt
0.00010460 	9559.00000000 	9559.00 	11422.00 	0.38 	 286539.00	57.75	60.42	300669.00	ss024_03.txt
0.00010460 	9559.00000000 	9559.00 	11479.00 	0.39 	 279522.00	58.12	60.80	292000.00	ss024_04.txt
0.00017803 	5616.00000000 	5616.00 	7924.00 	0.48 	 300332.00	58.68	61.20	312110.00	ss025_00.txt
0.00017803 	5616.00000000 	5616.00 	7914.00 	0.50 	 302076.00	58.51	61.36	315519.00	ss025_01.txt
0.00017803 	5616.00000000 	5616.00 	7914.00 	0.50 	 300916.00	58.51	61.40	315303.00	ss025_02.txt
0.00017803 	5616.00000000 	5616.00 	7912.00 	0.52 	 291482.00	57.93	60.56	304528.00	ss025_03.txt
0.00017803 	5616.00000000 	5616.00 	7914.00 	0.49 	 301862.00	58.82	61.58	315267.00	ss025_04.txt
0.00010671 	9370.00000000 	9370.00 	10900.00 	0.49 	 300694.00	57.70	60.13	313836.00	ss026_00.txt
0.00010671 	9370.00000000 	9370.00 	10814.00 	0.51 	 295396.00	58.01	60.12	305280.00	ss026_01.txt
0.00010671 	9370.00000000 	9370.00 	10835.00 	0.54 	 294426.00	57.66	60.10	306214.00	ss026_02.txt
0.00010671 	9370.00000000 	9370.00 	10933.00 	0.48 	 296211.00	58.46	60.48	305410.00	ss026_03.txt
0.00010671 	9370.00000000 	9370.00 	10816.00 	0.44 	 311078.00	59.41	61.50	321643.00	ss026_04.txt
0.00014839 	6738.00000000 	6738.00 	8604.00 	0.51 	 294012.00	57.72	60.09	304861.00	ss027_00.txt
0.00014839 	6738.00000000 	6738.00 	8584.00 	0.45 	 293752.00	58.62	61.12	305524.00	ss027_01.txt
0.00014839 	6738.00000000 	6738.00 	8608.00 	0.50 	 294683.00	58.19	60.73	307156.00	ss027_02.txt
0.00014839 	6738.00000000 	6738.00 	8630.00 	0.46 	 301780.00	60.20	62.89	314949.00	ss027_03.txt
0.00014839 	6738.00000000 	6738.00 	8559.00 	0.48 	 310460.00	60.04	62.79	323781.00	ss027_04.txt
0.00012544 	7971.00000000 	7971.00 	9954.00 	0.60 	 281742.00	57.95	60.92	295662.00	ss028_00.txt
0.00012544 	7971.00000000 	7971.00 	9934.00 	0.61 	 286542.00	59.33	62.21	299932.00	ss028_01.txt
0.00012544 	7971.00000000 	7971.00 	9961.00 	0.52 	 287716.00	59.08	61.21	297615.00	ss028_02.txt
0.00012544 	7971.00000000 	7971.00 	9977.00 	0.61 	 287534.00	59.45	62.10	300645.00	ss028_03.txt
0.00012544 	7971.00000000 	7971.00 	9949.00 	0.48 	 289494.00	59.05	61.80	302841.00	ss028_04.txt
0.00011848 	8439.00000000 	8439.00 	10427.00 	0.43 	 290827.00	58.70	61.23	302556.00	ss029_00.txt
0.00011848 	8439.00000000 	8439.00 	10427.00 	0.43 	 298025.00	59.09	61.81	311187.00	ss029_01.txt
0.00011848 	8439.00000000 	8439.00 	10470.00 	0.49 	 281762.00	57.77	60.65	295703.00	ss029_02.txt
0.00011848 	8439.00000000 	8439.00 	10442.00 	0.46 	 280177.00	57.67	60.43	292874.00	ss029_03.txt
0.00011848 	8439.00000000 	8439.00 	10448.00 	0.51 	 297843.00	60.03	63.17	314114.00	ss029_04.txt
0.00009993 	10006.00000000 	10006.00 	11487.00 	0.55 	 283334.00	57.98	60.38	294805.00	ss030_00.txt
0.00009993 	10006.00000000 	10006.00 	11489.00 	0.50 	 285176.00	58.38	60.51	294995.00	ss030_01.txt
0.00009993 	10006.00000000 	10006.00 	11512.00 	0.44 	 287963.00	59.52	62.11	299701.00	ss030_02.txt
0.00009993 	10006.00000000 	10006.00 	11536.00 	0.46 	 298020.00	59.79	62.09	309408.00	ss030_03.txt
0.00009993 	10006.00000000 	10006.00 	11470.00 	0.55 	 283906.00	57.67	60.29	296388.00	ss030_04.txt
0.00012503 	7997.00000000 	7997.00 	10171.00 	0.49 	 290685.00	59.21	61.53	300823.00	ss031_00.txt
0.00012503 	7997.00000000 	7997.00 	10236.00 	0.54 	 294633.00	60.07	62.41	305456.00	ss031_01.txt
0.00012503 	7997.00000000 	7997.00 	10229.00 	0.39 	 299236.00	59.94	62.47	311028.00	ss031_02.txt
0.00012503 	7997.00000000 	7997.00 	10224.00 	0.42 	 280840.00	57.86	60.21	291009.00	ss031_03.txt
0.00012503 	7997.00000000 	7997.00 	10293.00 	0.56 	 290821.00	58.32	60.47	300754.00	ss031_04.txt
0.00008607 	11618.00000000 	11618.00 	12549.00 	0.44 	 289933.00	57.62	60.06	301656.00	ss032_00.txt
0.00008607 	11618.00000000 	11618.00 	12549.00 	0.49 	 311504.00	59.42	61.46	321360.00	ss032_01.txt
0.00008607 	11618.00000000 	11618.00 	12511.00 	0.51 	 303687.00	58.86	60.96	314176.00	ss032_02.txt
0.00008607 	11618.00000000 	11618.00 	12494.00 	0.43 	 306142.00	58.94	61.43	318374.00	ss032_03.txt
0.00008607 	11618.00000000 	11618.00 	12490.00 	0.49 	 306207.00	58.83	60.92	316124.00	ss032_04.txt
0.00010283 	9724.00000000 	9724.00 	11364.00 	0.51 	 308686.00	59.59	62.02	320868.00	ss033_00.txt
0.00010283 	9724.00000000 	9724.00 	11329.00 	0.51 	 302624.00	58.32	61.14	317859.00	ss033_01.txt
0.00010283 	9724.00000000 	9724.00 	11398.00 	0.44 	 309215.00	59.98	62.22	320079.00	ss033_02.txt
0.00010283 	9724.00000000 	9724.00 	11363.00 	0.40 	 296523.00	58.92	61.58	310228.00	ss033_03.txt
0.00010283 	9724.00000000 	9724.00 	11372.00 	0.51 	 297926.00	59.22	61.75	310372.00	ss033_04.txt
0.00011488 	8704.00000000 	8704.00 	10195.00 	0.52 	 291637.00	57.97	60.56	303182.00	ss034_00.txt
0.00011488 	8704.00000000 	8704.00 	10190.00 	0.55 	 302625.00	60.08	62.20	312351.00	ss034_01.txt
0.00011066 	9036.00000000 	9036.00 	10462.00 	0.40 	 289347.00	58.06	60.67	300925.00	ss034_02.txt
0.00011488 	8704.00000000 	8704.00 	10367.00 	0.61 	 293754.00	58.00	60.08	303557.00	ss034_03.txt
0.00011488 	8704.00000000 	8704.00 	10067.00 	0.56 	 303977.00	59.40	61.33	313583.00	ss034_04.txt
0.00011744 	8514.00000000 	8514.00 	10242.00 	0.51 	 271996.00	58.39	60.63	281844.00	ss035_00.txt
0.00011744 	8514.00000000 	8514.00 	10239.00 	0.50 	 290267.00	60.13	62.68	301889.00	ss035_01.txt
0.00011744 	8514.00000000 	8514.00 	10268.00 	0.51 	 273346.00	58.77	60.90	283079.00	ss035_02.txt
0.00011744 	8514.00000000 	8514.00 	10271.00 	0.61 	 271123.00	57.98	60.42	282233.00	ss035_03.txt
0.00011744 	8514.00000000 	8514.00 	10273.00 	0.48 	 283739.00	59.51	62.28	297775.00	ss035_04.txt
0.00010993 	9096.00000000 	9096.00 	10701.00 	0.49 	 298539.00	57.37	60.35	313930.00	ss036_00.txt
0.00010993 	9096.00000000 	9096.00 	10679.00 	0.43 	 320744.00	59.92	62.60	334535.00	ss036_01.txt
0.00010993 	9096.00000000 	9096.00 	10717.00 	0.39 	 303457.00	59.05	62.10	318897.00	ss036_02.txt
0.00010993 	9096.00000000 	9096.00 	10725.00 	0.43 	 298851.00	59.25	61.98	312225.00	ss036_03.txt
0.00010993 	9096.00000000 	9096.00 	10697.00 	0.48 	 284653.00	57.79	60.44	297063.00	ss036_04.txt
0.00008952 	11170.00000000 	11170.00 	12287.00 	0.50 	 295788.00	57.87	60.28	306625.00	ss037_00.txt
0.00008872 	11271.00000000 	11271.00 	12344.00 	0.52 	 300004.00	59.48	62.15	313767.00	ss037_01.txt
0.00008872 	11271.00000000 	11271.00 	12389.00 	0.44 	 286409.00	57.45	60.03	298144.00	ss037_02.txt
0.00008872 	11271.00000000 	11271.00 	12338.00 	0.48 	 298365.00	60.20	63.09	312240.00	ss037_03.txt
0.00008952 	11170.00000000 	11170.00 	12324.00 	0.39 	 284096.00	57.57	60.23	297018.00	ss037_04.txt
0.00008375 	11940.00000000 	11940.00 	13348.00 	0.51 	 294125.00	58.70	61.11	305581.00	ss038_00.txt
0.00008375 	11940.00000000 	11940.00 	13308.00 	0.45 	 294805.00	57.75	60.10	305651.00	ss038_01.txt
0.00008375 	11940.00000000 	11940.00 	13237.00 	0.48 	 307039.00	59.83	62.21	317853.00	ss038_02.txt
0.00008375 	11940.00000000 	11940.00 	13338.00 	0.44 	 297507.00	57.62	60.29	311133.00	ss038_03.txt
0.00008375 	11940.00000000 	11940.00 	13269.00 	0.42 	 297699.00	58.08	60.55	310488.00	ss038_04.txt
0.00013428 	7446.00000000 	7446.00 	9146.00 	0.45 	 308089.00	58.57	61.48	322871.00	ss039_00.txt
0.00013428 	7446.00000000 	7446.00 	9116.00 	0.40 	 308755.00	58.45	61.24	323529.00	ss039_01.txt
0.00013428 	7446.00000000 	7446.00 	9133.00 	0.43 	 315595.00	58.77	61.28	328032.00	ss039_02.txt
0.00013428 	7446.00000000 	7446.00 	9128.00 	0.51 	 302381.00	59.28	61.81	313472.00	ss039_03.txt
0.00013428 	7446.00000000 	7446.00 	9147.00 	0.51 	 300786.00	59.90	62.95	315799.00	ss039_04.txt
0.00009673 	10337.00000000 	10337.00 	11832.00 	0.36 	 297071.00	58.87	61.33	308515.00	ss040_00.txt
0.00009673 	10337.00000000 	10337.00 	11780.00 	0.55 	 291008.00	58.99	61.32	302333.00	ss040_01.txt
0.00009673 	10337.00000000 	10337.00 	11773.00 	0.55 	 300617.00	60.18	62.56	310743.00	ss040_02.txt
0.00009673 	10337.00000000 	10337.00 	11734.00 	0.54 	 293938.00	58.77	61.16	305377.00	ss040_03.txt
0.00009673 	10337.00000000 	10337.00 	11816.00 	0.44 	 296807.00	59.47	61.88	308234.00	ss040_04.txt
0.00007911 	12640.00000000 	12640.00 	13648.00 	0.60 	 311743.00	59.52	61.95	323149.00	ss041_00.txt
0.00007911 	12640.00000000 	12640.00 	13664.00 	0.57 	 309101.00	60.16	62.42	319827.00	ss041_01.txt
0.00007911 	12640.00000000 	12640.00 	13730.00 	0.46 	 302247.00	58.11	60.16	312011.00	ss041_02.txt
0.00007911 	12640.00000000 	12640.00 	13675.00 	0.62 	 299753.00	58.10	60.41	310650.00	ss041_03.txt
0.00007911 	12640.00000000 	12640.00 	13753.00 	0.49 	 308999.00	59.29	61.64	320674.00	ss041_04.txt
0.00009732 	10274.00000000 	10274.00 	11610.00 	0.48 	 304083.00	58.95	61.50	315893.00	ss042_00.txt
0.00009732 	10274.00000000 	10274.00 	11644.00 	0.52 	 293071.00	57.66	60.20	305382.00	ss042_01.txt
0.00009732 	10274.00000000 	10274.00 	11606.00 	0.46 	 301539.00	58.66	60.88	311711.00	ss042_02.txt
0.00009732 	10274.00000000 	10274.00 	11602.00 	0.50 	 311608.00	59.40	61.93	323834.00	ss042_03.txt
0.00009732 	10274.00000000 	10274.00 	11640.00 	0.48 	 305653.00	58.44	61.24	319544.00	ss042_04.txt
0.00010873 	9196.00000000 	9196.00 	11089.00 	0.45 	 301232.00	59.33	61.63	312071.00	ss043_00.txt
0.00010873 	9196.00000000 	9196.00 	11066.00 	0.52 	 302020.00	59.18	61.34	312551.00	ss043_01.txt
0.00010873 	9196.00000000 	9196.00 	11121.00 	0.50 	 293330.00	57.52	60.10	305752.00	ss043_02.txt
0.00010873 	9196.00000000 	9196.00 	11136.00 	0.50 	 298034.00	60.19	62.52	309147.00	ss043_03.txt
0.00010873 	9196.00000000 	9196.00 	11160.00 	0.52 	 295850.00	59.74	62.21	307685.00	ss043_04.txt
0.00011408 	8765.00000000 	8765.00 	10284.00 	0.55 	 291173.00	60.03	62.69	302817.00	ss044_00.txt
0.00011408 	8765.00000000 	8765.00 	10099.00 	0.40 	 285506.00	58.57	61.14	297239.00	ss044_01.txt
0.00011408 	8765.00000000 	8765.00 	10295.00 	0.39 	 288969.00	58.33	60.65	299745.00	ss044_02.txt
0.00011408 	8765.00000000 	8765.00 	10152.00 	0.44 	 295125.00	59.00	61.51	308041.00	ss044_03.txt
0.00011408 	8765.00000000 	8765.00 	10297.00 	0.49 	 274842.00	58.26	60.90	286661.00	ss044_04.txt
0.00010269 	9737.00000000 	9737.00 	11039.00 	0.55 	 289560.00	59.18	61.33	299512.00	ss045_00.txt
0.00010468 	9552.00000000 	9552.00 	10917.00 	0.46 	 289990.00	58.72	61.00	301342.00	ss045_01.txt
0.00010468 	9552.00000000 	9552.00 	10929.00 	0.54 	 290700.00	60.24	62.58	301322.00	ss045_02.txt
0.00010468 	9552.00000000 	9552.00 	10949.00 	0.51 	 296333.00	59.90	62.04	306571.00	ss045_03.txt
0.00010468 	9552.00000000 	9552.00 	10979.00 	0.54 	 285212.00	58.17	60.31	295524.00	ss045_04.txt
0.00008896 	11240.00000000 	11240.00 	12571.00 	0.54 	 301166.00	59.91	62.44	314605.00	ss046_00.txt
0.00008896 	11240.00000000 	11240.00 	12627.00 	0.57 	 321247.00	60.12	61.79	329318.00	ss046_01.txt
0.00008896 	11240.00000000 	11240.00 	12541.00 	0.51 	 300041.00	58.68	60.70	309241.00	ss046_02.txt
0.00008896 	11240.00000000 	11240.00 	12656.00 	0.52 	 305194.00	58.29	60.06	313551.00	ss046_03.txt
0.00008896 	11240.00000000 	11240.00 	12763.00 	0.56 	 301406.00	59.16	60.76	309318.00	ss046_04.txt
0.00009253 	10806.00000000 	10806.00 	12102.00 	0.52 	 295383.00	58.20	60.11	303968.00	ss047_00.txt
0.00009253 	10806.00000000 	10806.00 	12106.00 	0.51 	 309688.00	59.56	61.91	321243.00	ss047_01.txt
0.00009253 	10806.00000000 	10806.00 	12096.00 	0.49 	 300078.00	59.45	61.88	311585.00	ss047_02.txt
0.00009253 	10806.00000000 	10806.00 	12094.00 	0.52 	 308621.00	59.44	61.51	318510.00	ss047_03.txt
0.00009253 	10806.00000000 	10806.00 	12064.00 	0.51 	 298388.00	59.88	62.09	308981.00	ss047_04.txt
0.00011733 	8522.00000000 	8522.00 	10492.00 	0.48 	 289082.00	59.09	61.94	302395.00	ss048_00.txt
0.00011733 	8522.00000000 	8522.00 	10487.00 	0.43 	 293685.00	58.26	60.60	305147.00	ss048_01.txt
0.00011733 	8522.00000000 	8522.00 	10546.00 	0.39 	 295697.00	58.45	61.30	310863.00	ss048_02.txt
0.00011733 	8522.00000000 	8522.00 	10529.00 	0.49 	 296565.00	58.08	60.49	309102.00	ss048_03.txt
0.00011733 	8522.00000000 	8522.00 	10509.00 	0.50 	 299325.00	58.93	61.20	310159.00	ss048_04.txt
0.00009505 	10520.00000000 	10520.00 	12135.00 	0.54 	 291253.00	59.52	62.18	303020.00	ss049_00.txt
0.00009505 	10520.00000000 	10520.00 	12010.00 	0.52 	 284934.00	57.71	60.25	297122.00	ss049_01.txt
0.00009505 	10520.00000000 	10520.00 	12118.00 	0.56 	 282020.00	58.38	60.91	293768.00	ss049_02.txt
0.00009505 	10520.00000000 	10520.00 	12074.00 	0.51 	 299446.00	60.14	62.55	310902.00	ss049_03.txt
0.00009505 	10520.00000000 	10520.00 	12089.00 	0.49 	 289665.00	59.87	62.71	303612.00	ss049_04.txt
0.00010169 	9833.00000000 	9833.00 	10991.00 	0.48 	 305800.00	59.95	62.70	319690.00	ss050_00.txt
0.00010169 	9833.00000000 	9833.00 	10996.00 	0.46 	 295213.00	60.02	62.66	307521.00	ss050_01.txt
0.00010169 	9833.00000000 	9833.00 	10979.00 	0.51 	 301239.00	59.88	62.18	312111.00	ss050_02.txt
0.00010169 	9833.00000000 	9833.00 	10997.00 	0.42 	 290074.00	57.97	60.72	303878.00	ss050_03.txt
0.00010169 	9833.00000000 	9833.00 	10987.00 	0.46 	 283560.00	57.45	60.04	296023.00	ss050_04.txt
0.00008489 	11779.00000000 	11779.00 	12935.00 	0.56 	 285444.00	58.03	60.21	295357.00	ss051_00.txt
0.00008489 	11779.00000000 	11779.00 	12915.00 	0.52 	 275615.00	59.69	62.17	286451.00	ss051_01.txt
0.00008489 	11779.00000000 	11779.00 	12809.00 	0.51 	 281487.00	58.11	60.52	292755.00	ss051_02.txt
0.00008489 	11779.00000000 	11779.00 	12853.00 	0.42 	 278178.00	58.13	60.19	287816.00	ss051_03.txt
0.00008489 	11779.00000000 	11779.00 	12900.00 	0.46 	 281521.00	58.80	60.49	288915.00	ss051_04.txt
0.00009106 	10981.00000000 	10981.00 	12377.00 	0.55 	 308923.00	59.87	62.20	320396.00	ss052_00.txt
0.00009106 	10981.00000000 	10981.00 	12426.00 	0.42 	 296123.00	58.36	60.75	307591.00	ss052_01.txt
0.00009106 	10981.00000000 	10981.00 	12530.00 	0.52 	 290010.00	58.97	61.35	302359.00	ss052_02.txt
0.00009106 	10981.00000000 	10981.00 	12402.00 	0.50 	 285626.00	58.18	60.54	297094.00	ss052_03.txt
0.00009106 	10981.00000000 	10981.00 	12473.00 	0.50 	 297673.00	58.07	60.56	310365.00	ss052_04.txt
0.00009393 	10645.00000000 	10645.00 	11928.00 	0.57 	 278501.00	59.58	62.14	290056.00	ss053_00.txt
0.00009409 	10627.00000000 	10627.00 	11808.00 	0.52 	 289326.00	59.68	61.65	297625.00	ss053_01.txt
0.00009409 	10627.00000000 	10627.00 	11838.00 	0.49 	 276446.00	58.40	60.73	286579.00	ss053_02.txt
0.00009393 	10645.00000000 	10645.00 	11854.00 	0.54 	 275652.00	57.41	60.16	289335.00	ss053_03.txt
0.00009409 	10627.00000000 	10627.00 	11876.00 	0.49 	 275452.00	58.49	61.08	286990.00	ss053_04.txt
0.00010550 	9478.00000000 	9478.00 	11243.00 	0.55 	 307730.00	60.13	63.07	322485.00	ss054_00.txt
0.00010550 	9478.00000000 	9478.00 	11227.00 	0.46 	 284660.00	57.67	60.30	297797.00	ss054_01.txt
0.00010550 	9478.00000000 	9478.00 	11250.00 	0.48 	 289542.00	58.74	61.21	301661.00	ss054_02.txt
0.00010550 	9478.00000000 	9478.00 	11292.00 	0.55 	 276537.00	58.16	60.53	287344.00	ss054_03.txt
0.00010550 	9478.00000000 	9478.00 	11242.00 	0.54 	 289002.00	57.52	60.06	300780.00	ss054_04.txt
0.00009431 	10602.00000000 	10602.00 	12527.00 	0.46 	 289032.00	58.09	60.64	301810.00	ss055_00.txt
0.00009431 	10602.00000000 	10602.00 	12453.00 	0.54 	 298015.00	58.19	60.80	311496.00	ss055_01.txt
0.00009431 	10602.00000000 	10602.00 	12321.00 	0.52 	 298216.00	58.58	60.63	307985.00	ss055_02.txt
0.00009289 	10765.00000000 	10765.00 	12203.00 	0.56 	 308895.00	59.97	62.23	320226.00	ss055_03.txt
0.00009250 	10810.00000000 	10810.00 	12788.00 	0.51 	 288153.00	57.91	60.21	298925.00	ss055_04.txt
0.00008129 	12300.00000000 	12300.00 	13506.00 	0.46 	 289788.00	58.85	61.01	299624.00	ss056_00.txt
0.00008129 	12300.00000000 	12300.00 	13441.00 	0.49 	 296128.00	58.59	60.82	306224.00	ss056_01.txt
0.00008129 	12300.00000000 	12300.00 	13435.00 	0.50 	 302731.00	58.66	60.77	312842.00	ss056_02.txt
0.00008129 	12300.00000000 	12300.00 	13397.00 	0.56 	 301450.00	58.76	60.66	310428.00	ss056_03.txt
0.00008129 	12300.00000000 	12300.00 	13454.00 	0.57 	 296376.00	59.25	61.41	307026.00	ss056_04.txt
0.00009480 	10547.00000000 	10547.00 	12281.00 	0.52 	 305885.00	58.66	60.44	314169.00	ss057_00.txt
0.00009480 	10547.00000000 	10547.00 	12334.00 	0.54 	 299006.00	58.96	61.39	311259.00	ss057_01.txt
0.00009480 	10547.00000000 	10547.00 	12253.00 	0.51 	 307870.00	60.16	62.19	317775.00	ss057_02.txt
0.00009480 	10547.00000000 	10547.00 	12298.00 	0.56 	 295082.00	58.10	60.30	305844.00	ss057_03.txt
0.00009480 	10547.00000000 	10547.00 	12300.00 	0.57 	 304362.00	59.21	61.39	314515.00	ss057_04.txt
0.00009355 	10689.00000000 	10689.00 	12247.00 	0.48 	 295529.00	58.88	61.15	306054.00	ss058_00.txt
0.00009355 	10689.00000000 	10689.00 	12339.00 	0.58 	 285878.00	60.08	62.87	298588.00	ss058_01.txt
0.00009355 	10689.00000000 	10689.00 	12252.00 	0.52 	 301231.00	59.64	62.43	315575.00	ss058_02.txt
0.00009355 	10689.00000000 	10689.00 	12218.00 	0.52 	 294739.00	58.54	60.80	305415.00	ss058_03.txt
0.00009355 	10689.00000000 	10689.00 	12356.00 	0.55 	 295154.00	58.37	60.74	306543.00	ss058_04.txt
0.00010139 	9862.00000000 	9862.00 	11249.00 	0.49 	 293964.00	59.80	62.47	306457.00	ss059_00.txt
0.00010139 	9862.00000000 	9862.00 	11276.00 	0.55 	 300447.00	60.08	62.77	313422.00	ss059_01.txt
0.00010139 	9862.00000000 	9862.00 	11245.00 	0.57 	 295879.00	59.80	62.13	306968.00	ss059_02.txt
0.00010139 	9862.00000000 	9862.00 	11234.00 	0.57 	 290239.00	58.05	60.48	301817.00	ss059_03.txt
0.00010139 	9862.00000000 	9862.00 	11280.00 	0.58 	 278437.00	59.04	61.83	291605.00	ss059_04.txt
0.00008293 	12057.00000000 	12057.00 	13205.00 	0.50 	 293780.00	58.12	60.22	303660.00	ss060_00.txt
0.00008293 	12057.00000000 	12057.00 	13118.00 	0.55 	 301261.00	59.53	61.62	310956.00	ss060_01.txt
0.00008293 	12057.00000000 	12057.00 	13133.00 	0.48 	 303781.00	59.58	61.57	313069.00	ss060_02.txt
0.00008293 	12057.00000000 	12057.00 	13188.00 	0.46 	 296225.00	58.14	60.18	306139.00	ss060_03.txt
0.00008293 	12057.00000000 	12057.00 	13119.00 	0.54 	 298489.00	58.49	60.62	308713.00	ss060_04.txt
0.00007893 	12669.00000000 	12669.00 	13657.00 	0.48 	 286108.00	59.12	61.53	296945.00	ss061_00.txt
0.00007893 	12669.00000000 	12669.00 	13692.00 	0.46 	 304647.00	60.14	63.13	319732.00	ss061_01.txt
0.00007893 	12669.00000000 	12669.00 	13621.00 	0.44 	 293652.00	58.35	60.52	303558.00	ss061_02.txt
0.00007893 	12669.00000000 	12669.00 	13543.00 	0.46 	 299728.00	59.47	61.19	307108.00	ss061_03.txt
0.00007893 	12669.00000000 	12669.00 	13659.00 	0.45 	 292002.00	59.50	61.77	303197.00	ss061_04.txt
0.00008577 	11658.00000000 	11658.00 	13232.00 	0.54 	 296745.00	58.04	60.35	308219.00	ss062_00.txt
0.00008577 	11658.00000000 	11658.00 	13202.00 	0.50 	 303292.00	59.94	62.15	313888.00	ss062_01.txt
0.00008577 	11658.00000000 	11658.00 	13204.00 	0.51 	 297603.00	57.86	60.31	310186.00	ss062_02.txt
0.00008577 	11658.00000000 	11658.00 	13191.00 	0.56 	 300842.00	60.10	62.31	310976.00	ss062_03.txt
0.00008577 	11658.00000000 	11658.00 	13268.00 	0.44 	 287486.00	57.77	60.50	301920.00	ss062_04.txt
0.00008589 	11642.00000000 	11642.00 	12638.00 	0.55 	 307411.00	58.89	61.04	317956.00	ss063_00.txt
0.00008589 	11642.00000000 	11642.00 	12624.00 	0.46 	 316469.00	59.40	61.66	327260.00	ss063_01.txt
0.00008498 	11767.00000000 	11767.00 	12607.00 	0.39 	 304005.00	58.92	61.45	315765.00	ss063_02.txt
0.00008589 	11642.00000000 	11642.00 	12605.00 	0.46 	 312376.00	59.10	61.52	324606.00	ss063_03.txt
0.00008589 	11642.00000000 	11642.00 	12636.00 	0.49 	 305767.00	58.59	61.25	319664.00	ss063_04.txt
0.00007137 	14011.00000000 	14011.00 	14970.00 	0.43 	 319002.00	58.70	60.51	328707.00	ss064_00.txt
0.00007137 	14011.00000000 	14011.00 	14995.00 	0.49 	 320562.00	60.18	62.58	332000.00	ss064_01.txt
0.00007137 	14011.00000000 	14011.00 	14993.00 	0.63 	 317251.00	58.13	60.95	332357.00	ss064_02.txt
0.00007137 	14011.00000000 	14011.00 	14969.00 	0.50 	 328078.00	59.33	61.38	339224.00	ss064_03.txt
0.00007137 	14011.00000000 	14011.00 	15045.00 	0.51 	 313616.00	58.61	60.93	325168.00	ss064_04.txt
0.00007676 	13026.00000000 	13026.00 	14245.00 	0.46 	 293597.00	57.81	60.13	305503.00	ss065_00.txt
0.00007676 	13026.00000000 	13026.00 	14117.00 	0.54 	 296414.00	57.87	60.14	307286.00	ss065_01.txt
0.00007676 	13026.00000000 	13026.00 	14183.00 	0.48 	 305327.00	59.31	61.33	315215.00	ss065_02.txt
0.00007676 	13026.00000000 	13026.00 	14179.00 	0.49 	 297686.00	59.71	62.04	308507.00	ss065_03.txt
0.00007676 	13026.00000000 	13026.00 	14160.00 	0.50 	 301841.00	59.78	62.12	314457.00	ss065_04.txt
0.00007235 	13821.00000000 	13821.00 	14904.00 	0.54 	 309978.00	58.04	60.15	320765.00	ss066_00.txt
0.00007235 	13821.00000000 	13821.00 	14973.00 	0.51 	 317141.00	59.58	61.41	325995.00	ss066_01.txt
0.00007235 	13821.00000000 	13821.00 	14900.00 	0.51 	 310411.00	58.68	60.83	321587.00	ss066_02.txt
0.00007235 	13821.00000000 	13821.00 	14871.00 	0.49 	 303748.00	58.74	60.90	314222.00	ss066_03.txt
0.00007235 	13821.00000000 	13821.00 	14865.00 	0.51 	 309708.00	58.62	60.39	318651.00	ss066_04.txt
0.00009608 	10407.00000000 	10407.00 	11619.00 	0.40 	 311583.00	59.23	61.71	323237.00	ss067_00.txt
0.00009608 	10407.00000000 	10407.00 	11642.00 	0.51 	 323315.00	58.77	60.75	334036.00	ss067_01.txt
0.00009608 	10407.00000000 	10407.00 	11618.00 	0.45 	 332123.00	59.07	60.91	341139.00	ss067_02.txt
0.00009608 	10407.00000000 	10407.00 	11737.00 	0.50 	 305623.00	58.22	60.68	318541.00	ss067_03.txt
0.00009608 	10407.00000000 	10407.00 	11614.00 	0.58 	 322354.00	59.17	61.30	332997.00	ss067_04.txt
0.00008130 	12299.00000000 	12299.00 	13314.00 	0.56 	 304294.00	59.85	62.60	316969.00	ss068_00.txt
0.00008130 	12299.00000000 	12299.00 	13300.00 	0.58 	 310005.00	59.23	61.68	323002.00	ss068_01.txt
0.00008130 	12299.00000000 	12299.00 	13156.00 	0.51 	 311138.00	58.23	60.18	320384.00	ss068_02.txt
0.00008130 	12299.00000000 	12299.00 	13316.00 	0.54 	 307708.00	58.43	60.54	317864.00	ss068_03.txt
0.00008130 	12299.00000000 	12299.00 	13248.00 	0.60 	 308072.00	58.80	60.84	317884.00	ss068_04.txt
0.00008812 	11347.00000000 	11347.00 	12491.00 	0.43 	 302077.00	59.15	61.14	311251.00	ss069_00.txt
0.00008812 	11347.00000000 	11347.00 	12461.00 	0.51 	 300808.00	58.27	60.04	309603.00	ss069_01.txt
0.00008812 	11347.00000000 	11347.00 	12455.00 	0.48 	 300842.00	58.27	60.79	313154.00	ss069_02.txt
0.00008800 	11363.00000000 	11363.00 	12573.00 	0.54 	 315847.00	61.51	62.23	319980.00	ss069_03.txt
0.00008812 	11347.00000000 	11347.00 	12537.00 	0.55 	 304196.00	59.98	62.24	315263.00	ss069_04.txt
