0.00022920 	4362.00000000 	4362.00 	8574.00 	0.49 	 389057.00	58.80	61.43	405932.00	ff000_00.txt
0.00022920 	4362.00000000 	4362.00 	8684.00 	0.49 	 384943.00	60.03	62.99	403492.00	ff000_01.txt
0.00022920 	4362.00000000 	4362.00 	8737.00 	0.40 	 365837.00	58.70	61.37	380627.00	ff000_02.txt
0.00022920 	4362.00000000 	4362.00 	8548.00 	0.45 	 369022.00	58.15	61.01	386659.00	ff000_03.txt
0.00022920 	4362.00000000 	4362.00 	8622.00 	0.52 	 360546.00	58.70	61.44	376707.00	ff000_04.txt
0.00025780 	3878.00000000 	3878.00 	6795.00 	0.40 	 344479.00	57.59	60.48	360621.00	ff001_00.txt
0.00025780 	3878.00000000 	3878.00 	6786.00 	0.49 	 362661.00	59.33	62.13	378022.00	ff001_01.txt
0.00025780 	3878.00000000 	3878.00 	6767.00 	0.56 	 352339.00	58.39	61.18	367819.00	ff001_02.txt
0.00025780 	3878.00000000 	3878.00 	6854.00 	0.48 	 334439.00	57.40	60.29	350627.00	ff001_03.txt
0.00025780 	3878.00000000 	3878.00 	6730.00 	0.43 	 346732.00	57.70	60.79	365053.00	ff001_04.txt
0.00021968 	4551.00000000 	4551.00 	6470.00 	0.48 	 336817.00	58.34	61.38	354845.00	ff002_00.txt
0.00021968 	4551.00000000 	4551.00 	6489.00 	0.44 	 358235.00	60.08	62.65	372587.00	ff002_01.txt
0.00021968 	4551.00000000 	4551.00 	6448.00 	0.50 	 341372.00	58.12	60.65	356248.00	ff002_02.txt
0.00021968 	4551.00000000 	4551.00 	6478.00 	0.48 	 325026.00	57.32	60.40	341889.00	ff002_03.txt
0.00021968 	4551.00000000 	4551.00 	6471.00 	0.51 	 350885.00	59.16	62.07	367561.00	ff002_04.txt
0.00014368 	6959.00000000 	6959.00 	9158.00 	0.44 	 305407.00	56.95	60.03	321421.00	ff003_00.txt
0.00014368 	6959.00000000 	6959.00 	9142.00 	0.45 	 312459.00	57.40	60.49	327469.00	ff003_01.txt
0.00014368 	6959.00000000 	6959.00 	9158.00 	0.48 	 313889.00	57.82	60.78	328689.00	ff003_02.txt
0.00014368 	6959.00000000 	6959.00 	9157.00 	0.49 	 324496.00	59.86	62.70	338815.00	ff003_03.txt
0.00014368 	6959.00000000 	6959.00 	9156.00 	0.50 	 324321.00	59.96	63.19	340279.00	ff003_04.txt
0.00022936 	4359.00000000 	4359.00 	7317.00 	0.43 	 353511.00	57.42	60.53	371667.00	ff004_00.txt
0.00022936 	4359.00000000 	4359.00 	7326.00 	0.50 	 359507.00	59.62	62.52	374245.00	ff004_01.txt
0.00022936 	4359.00000000 	4359.00 	7278.00 	0.46 	 371510.00	59.32	62.25	388377.00	ff004_02.txt
0.00022936 	4359.00000000 	4359.00 	7361.00 	0.28 	 360683.00	59.38	62.33	377781.00	ff004_03.txt
0.00022936 	4359.00000000 	4359.00 	7296.00 	0.38 	 371342.00	59.35	62.46	390322.00	ff004_04.txt
0.00015775 	6338.00000000 	6338.00 	8068.00 	0.49 	 293478.00	60.11	63.26	307602.00	ff005_00.txt
0.00015775 	6338.00000000 	6338.00 	8110.00 	0.46 	 282619.00	58.37	61.25	296039.00	ff005_01.txt
0.00015775 	6338.00000000 	6338.00 	8087.00 	0.48 	 270849.00	57.03	60.08	284518.00	ff005_02.txt
0.00015775 	6338.00000000 	6338.00 	8101.00 	0.44 	 278183.00	58.18	61.48	293363.00	ff005_03.txt
0.00015775 	6338.00000000 	6338.00 	8081.00 	0.46 	 283522.00	60.09	63.55	300684.00	ff005_04.txt
0.00018822 	5312.00000000 	5312.00 	7526.00 	0.50 	 329114.00	58.85	61.88	344360.00	ff006_00.txt
0.00018822 	5312.00000000 	5312.00 	7514.00 	0.43 	 321471.00	58.68	61.70	337465.00	ff006_01.txt
0.00018822 	5312.00000000 	5312.00 	7521.00 	0.57 	 330020.00	57.12	60.03	345290.00	ff006_02.txt
0.00018822 	5312.00000000 	5312.00 	7519.00 	0.48 	 336215.00	58.26	60.96	350574.00	ff006_03.txt
0.00018822 	5312.00000000 	5312.00 	7501.00 	0.51 	 341667.00	59.71	62.93	359743.00	ff006_04.txt
0.00019223 	5201.00000000 	5201.00 	8041.00 	0.56 	 329873.00	58.79	61.68	346348.00	ff007_00.txt
0.00019223 	5201.00000000 	5201.00 	8068.00 	0.48 	 327546.00	59.25	62.04	342843.00	ff007_01.txt
0.00019223 	5201.00000000 	5201.00 	8050.00 	0.48 	 326862.00	59.79	62.77	342841.00	ff007_02.txt
0.00019223 	5201.00000000 	5201.00 	8058.00 	0.52 	 315587.00	58.38	61.26	329901.00	ff007_03.txt
0.00019223 	5201.00000000 	5201.00 	8062.00 	0.39 	 329856.00	60.00	62.66	344151.00	ff007_04.txt
0.00020572 	4860.00000000 	4860.00 	10931.00 	0.52 	 367989.00	59.44	62.29	384394.00	ff008_00.txt
0.00020572 	4860.00000000 	4860.00 	11437.00 	0.40 	 360813.00	59.07	61.93	377897.00	ff008_01.txt
0.00020572 	4860.00000000 	4860.00 	11740.00 	0.52 	 361070.00	57.87	60.87	379589.00	ff008_02.txt
0.00020572 	4860.00000000 	4860.00 	11031.00 	0.56 	 367742.00	59.95	63.03	386320.00	ff008_03.txt
0.00020572 	4860.00000000 	4860.00 	11452.00 	0.66 	 374780.00	58.66	61.43	391127.00	ff008_04.txt
0.00019535 	5118.00000000 	5118.00 	8436.00 	0.41 	 328409.00	58.06	60.88	343655.00	ff009_00.txt
0.00019535 	5118.00000000 	5118.00 	8445.00 	0.45 	 314867.00	57.18	60.09	331527.00	ff009_01.txt
0.00019535 	5118.00000000 	5118.00 	8454.00 	0.45 	 340256.00	60.06	62.55	353179.00	ff009_02.txt
0.00019535 	5118.00000000 	5118.00 	8426.00 	0.48 	 331216.00	59.76	62.56	345763.00	ff009_03.txt
0.00019535 	5118.00000000 	5118.00 	8445.00 	0.49 	 325284.00	58.97	61.82	340548.00	ff009_04.txt
0.00011969 	8354.00000000 	8354.00 	9796.00 	0.52 	 295852.00	57.43	60.36	309497.00	ff010_00.txt
0.00011969 	8354.00000000 	8354.00 	9782.00 	0.57 	 291828.00	57.28	60.33	308582.00	ff010_01.txt
0.00011969 	8354.00000000 	8354.00 	9805.00 	0.56 	 306448.00	59.66	62.53	319358.00	ff010_02.txt
0.00011969 	8354.00000000 	8354.00 	9785.00 	0.57 	 302595.00	57.85	60.63	316677.00	ff010_03.txt
0.00011969 	8354.00000000 	8354.00 	9805.00 	0.48 	 295781.00	57.39	60.09	309198.00	ff010_04.txt
0.00014497 	6897.00000000 	6897.00 	8883.00 	0.46 	 312541.00	57.98	60.57	325934.00	ff011_00.txt
0.00014497 	6897.00000000 	6897.00 	8885.00 	0.46 	 323528.00	59.21	61.84	337610.00	ff011_01.txt
0.00014497 	6897.00000000 	6897.00 	8885.00 	0.45 	 322725.00	59.64	62.28	336104.00	ff011_02.txt
0.00014497 	6897.00000000 	6897.00 	8888.00 	0.40 	 300465.00	57.99	60.88	315278.00	ff011_03.txt
0.00014497 	6897.00000000 	6897.00 	8885.00 	0.48 	 313939.00	59.04	61.86	328176.00	ff011_04.txt
0.00012819 	7800.00000000 	7800.00 	8859.00 	0.38 	 280548.00	58.19	61.19	294701.00	ff012_00.txt
0.00012819 	7800.00000000 	7800.00 	8886.00 	0.41 	 284504.00	59.81	62.91	298381.00	ff012_01.txt
0.00012819 	7800.00000000 	7800.00 	8883.00 	0.43 	 277714.00	57.80	60.23	287886.00	ff012_02.txt
0.00012819 	7800.00000000 	7800.00 	8883.00 	0.52 	 268318.00	58.55	61.69	282998.00	ff012_03.txt
0.00012819 	7800.00000000 	7800.00 	8896.00 	0.57 	 278911.00	57.80	60.68	292112.00	ff012_04.txt
0.00014418 	6935.00000000 	6935.00 	8650.00 	0.50 	 302671.00	58.58	61.59	317641.00	ff013_00.txt
0.00014418 	6935.00000000 	6935.00 	8653.00 	0.45 	 299655.00	58.85	61.81	313985.00	ff013_01.txt
0.00014418 	6935.00000000 	6935.00 	8660.00 	0.43 	 307188.00	58.85	61.74	321310.00	ff013_02.txt
0.00014418 	6935.00000000 	6935.00 	8671.00 	0.48 	 294013.00	57.96	60.96	307427.00	ff013_03.txt
0.00014418 	6935.00000000 	6935.00 	8672.00 	0.45 	 287061.00	57.65	61.07	304880.00	ff013_04.txt
0.00020408 	4899.00000000 	4899.00 	7754.00 	0.48 	 315539.00	58.12	61.13	331304.00	ff014_00.txt
0.00020408 	4899.00000000 	4899.00 	7773.00 	0.49 	 325242.00	59.67	62.61	340519.00	ff014_01.txt
0.00020408 	4899.00000000 	4899.00 	7780.00 	0.45 	 318723.00	57.28	60.24	335149.00	ff014_02.txt
0.00020408 	4899.00000000 	4899.00 	7755.00 	0.45 	 312605.00	58.33	61.13	326987.00	ff014_03.txt
0.00020408 	4899.00000000 	4899.00 	7754.00 	0.44 	 316951.00	60.11	63.31	333570.00	ff014_04.txt
0.00013805 	7243.00000000 	7243.00 	8488.00 	0.50 	 275475.00	58.78	61.47	287281.00	ff015_00.txt
0.00013805 	7243.00000000 	7243.00 	8479.00 	0.43 	 276548.00	58.00	60.64	288389.00	ff015_01.txt
0.00013805 	7243.00000000 	7243.00 	8493.00 	0.52 	 285425.00	59.84	62.84	300025.00	ff015_02.txt
0.00013805 	7243.00000000 	7243.00 	8475.00 	0.57 	 290691.00	58.78	61.67	304104.00	ff015_03.txt
0.00013805 	7243.00000000 	7243.00 	8493.00 	0.44 	 281334.00	58.05	60.97	295843.00	ff015_04.txt
0.00017730 	5639.00000000 	5639.00 	7169.00 	0.50 	 297146.00	58.47	61.19	310105.00	ff016_00.txt
0.00017730 	5639.00000000 	5639.00 	7171.00 	0.50 	 300692.00	59.18	61.66	312068.00	ff016_01.txt
0.00017730 	5639.00000000 	5639.00 	7165.00 	0.46 	 282421.00	57.78	60.59	295831.00	ff016_02.txt
0.00017730 	5639.00000000 	5639.00 	7167.00 	0.56 	 305473.00	58.90	61.39	317242.00	ff016_03.txt
0.00017730 	5639.00000000 	5639.00 	7167.00 	0.49 	 296597.00	59.19	62.01	310671.00	ff016_04.txt
0.00011260 	8880.00000000 	8880.00 	10785.00 	0.43 	 302821.00	60.02	62.51	314403.00	ff017_00.txt
0.00011260 	8880.00000000 	8880.00 	10774.00 	0.49 	 299688.00	60.14	63.04	313088.00	ff017_01.txt
0.00011260 	8880.00000000 	8880.00 	10798.00 	0.48 	 288023.00	58.29	61.29	302088.00	ff017_02.txt
0.00011260 	8880.00000000 	8880.00 	10747.00 	0.54 	 294401.00	58.51	61.30	308260.00	ff017_03.txt
0.00011260 	8880.00000000 	8880.00 	10727.00 	0.50 	 296784.00	59.42	62.05	308514.00	ff017_04.txt
0.00030600 	3267.00000000 	3267.00 	6235.00 	0.55 	 359015.00	58.98	61.79	375199.00	ff018_00.txt
0.00030600 	3267.00000000 	3267.00 	6270.00 	0.51 	 354454.00	59.45	62.62	372992.00	ff018_01.txt
0.00030600 	3267.00000000 	3267.00 	6226.00 	0.50 	 363357.00	58.58	61.42	380283.00	ff018_02.txt
0.00030600 	3267.00000000 	3267.00 	6295.00 	0.45 	 352331.00	57.65	60.51	369694.00	ff018_03.txt
0.00030600 	3267.00000000 	3267.00 	6244.00 	0.43 	 375039.00	58.90	61.78	392152.00	ff018_04.txt
0.00015562 	6425.00000000 	6425.00 	8214.00 	0.60 	 281099.00	57.64	60.73	296166.00	ff019_00.txt
0.00015562 	6425.00000000 	6425.00 	8233.00 	0.54 	 289326.00	59.90	62.61	301829.00	ff019_01.txt
0.00015562 	6425.00000000 	6425.00 	8210.00 	0.56 	 303762.00	60.05	63.09	318829.00	ff019_02.txt
0.00015562 	6425.00000000 	6425.00 	8225.00 	0.52 	 296253.00	58.14	60.88	309630.00	ff019_03.txt
0.00015562 	6425.00000000 	6425.00 	8221.00 	0.46 	 299908.00	59.96	62.41	310997.00	ff019_04.txt
0.00013953 	7166.00000000 	7166.00 	8595.00 	0.44 	 282376.00	57.57	60.39	295050.00	ff020_00.txt
0.00013953 	7166.00000000 	7166.00 	8588.00 	0.49 	 288026.00	58.62	62.11	305892.00	ff020_01.txt
0.00013953 	7166.00000000 	7166.00 	8587.00 	0.49 	 283924.00	58.83	61.90	298088.00	ff020_02.txt
0.00013953 	7166.00000000 	7166.00 	8593.00 	0.48 	 297885.00	58.83	61.62	310542.00	ff020_03.txt
0.00013953 	7166.00000000 	7166.00 	8593.00 	0.39 	 281017.00	56.96	60.02	297295.00	ff020_04.txt
0.00013822 	7234.00000000 	7234.00 	9018.00 	0.45 	 290573.00	59.44	62.01	302360.00	ff021_00.txt
0.00013822 	7234.00000000 	7234.00 	9004.00 	0.44 	 286421.00	59.73	62.72	300057.00	ff021_01.txt
0.00013822 	7234.00000000 	7234.00 	9004.00 	0.55 	 292668.00	59.57	62.62	307409.00	ff021_02.txt
0.00013822 	7234.00000000 	7234.00 	9016.00 	0.48 	 290982.00	60.01	62.75	303705.00	ff021_03.txt
0.00013822 	7234.00000000 	7234.00 	9005.00 	0.50 	 277916.00	56.99	60.02	290837.00	ff021_04.txt
0.00014136 	7073.00000000 	7073.00 	8695.00 	0.54 	 285839.00	59.91	62.84	299273.00	ff022_00.txt
0.00014136 	7073.00000000 	7073.00 	8683.00 	0.55 	 282462.00	58.20	61.04	295891.00	ff022_01.txt
0.00014136 	7073.00000000 	7073.00 	8674.00 	0.41 	 282772.00	58.24	61.30	296872.00	ff022_02.txt
0.00014136 	7073.00000000 	7073.00 	8666.00 	0.49 	 281973.00	58.96	61.77	294667.00	ff022_03.txt
0.00014136 	7073.00000000 	7073.00 	8684.00 	0.49 	 286030.00	59.92	63.02	300721.00	ff022_04.txt
0.00018594 	5377.00000000 	5377.00 	7584.00 	0.61 	 294984.00	59.58	62.58	309337.00	ff023_00.txt
0.00018594 	5377.00000000 	5377.00 	7561.00 	0.45 	 293564.00	57.78	60.58	307668.00	ff023_01.txt
0.00018594 	5377.00000000 	5377.00 	7549.00 	0.43 	 290668.00	57.62	60.56	304974.00	ff023_02.txt
0.00018594 	5377.00000000 	5377.00 	7572.00 	0.48 	 299110.00	59.45	62.13	311778.00	ff023_03.txt
0.00018594 	5377.00000000 	5377.00 	7575.00 	0.43 	 289861.00	58.73	61.76	304152.00	ff023_04.txt
0.00014110 	7086.00000000 	7086.00 	9490.00 	0.52 	 284164.00	58.26	61.24	298244.00	ff024_00.txt
0.00014110 	7086.00000000 	7086.00 	9522.00 	0.41 	 292038.00	59.23	62.49	307744.00	ff024_01.txt
0.00014110 	7086.00000000 	7086.00 	9495.00 	0.43 	 293372.00	58.35	61.39	308165.00	ff024_02.txt
0.00014110 	7086.00000000 	7086.00 	9479.00 	0.48 	 292662.00	58.42	61.64	307694.00	ff024_03.txt
0.00014110 	7086.00000000 	7086.00 	9493.00 	0.33 	 295361.00	60.08	63.03	308990.00	ff024_04.txt
0.00013407 	7458.00000000 	7458.00 	8886.00 	0.50 	 279594.00	60.11	62.56	290380.00	ff025_00.txt
0.00013407 	7458.00000000 	7458.00 	8890.00 	0.43 	 264102.00	57.63	60.18	274980.00	ff025_01.txt
0.00013407 	7458.00000000 	7458.00 	8875.00 	0.48 	 278514.00	59.86	62.55	290789.00	ff025_02.txt
0.00013407 	7458.00000000 	7458.00 	8894.00 	0.51 	 267725.00	58.42	60.75	277655.00	ff025_03.txt
0.00013407 	7458.00000000 	7458.00 	8866.00 	0.55 	 267461.00	58.27	60.73	277894.00	ff025_04.txt
0.00010941 	9139.00000000 	9139.00 	10533.00 	0.44 	 295683.00	60.15	62.54	305882.00	ff026_00.txt
0.00010941 	9139.00000000 	9139.00 	10541.00 	0.49 	 288197.00	58.31	60.73	299574.00	ff026_01.txt
0.00010941 	9139.00000000 	9139.00 	10535.00 	0.56 	 273416.00	57.71	60.70	288106.00	ff026_02.txt
0.00010941 	9139.00000000 	9139.00 	10514.00 	0.48 	 294332.00	59.83	62.18	305235.00	ff026_03.txt
0.00010941 	9139.00000000 	9139.00 	10535.00 	0.46 	 294018.00	60.05	62.54	305035.00	ff026_04.txt
0.00013046 	7664.00000000 	7664.00 	10188.00 	0.44 	 294986.00	58.96	62.05	310057.00	ff027_00.txt
0.00013046 	7664.00000000 	7664.00 	10179.00 	0.44 	 294688.00	59.69	62.93	310685.00	ff027_01.txt
0.00013046 	7664.00000000 	7664.00 	10196.00 	0.46 	 289819.00	58.00	61.06	304633.00	ff027_02.txt
0.00013046 	7664.00000000 	7664.00 	10218.00 	0.41 	 284513.00	57.79	60.51	297008.00	ff027_03.txt
0.00013046 	7664.00000000 	7664.00 	10194.00 	0.39 	 290551.00	57.72	61.41	308702.00	ff027_04.txt
0.00016625 	6014.00000000 	6014.00 	8449.00 	0.56 	 254577.00	58.40	61.42	267696.00	ff028_00.txt
0.00016625 	6014.00000000 	6014.00 	8453.00 	0.63 	 267016.00	57.61	60.27	278652.00	ff028_01.txt
0.00016625 	6014.00000000 	6014.00 	8436.00 	0.54 	 284507.00	59.27	62.21	297888.00	ff028_02.txt
0.00016625 	6014.00000000 	6014.00 	8463.00 	0.55 	 267508.00	57.91	60.71	279944.00	ff028_03.txt
0.00016625 	6014.00000000 	6014.00 	8457.00 	0.56 	 282035.00	59.47	62.41	295859.00	ff028_04.txt
0.00018727 	5339.00000000 	5339.00 	8030.00 	0.51 	 313438.00	58.07	61.13	329167.00	ff029_00.txt
0.00018727 	5339.00000000 	5339.00 	8043.00 	0.48 	 303811.00	57.78	60.64	318100.00	ff029_01.txt
0.00018727 	5339.00000000 	5339.00 	8038.00 	0.39 	 319772.00	60.09	63.14	335029.00	ff029_02.txt
0.00018727 	5339.00000000 	5339.00 	8052.00 	0.45 	 297989.00	57.91	61.17	314412.00	ff029_03.txt
0.00018727 	5339.00000000 	5339.00 	8070.00 	0.50 	 304307.00	57.48	60.69	320272.00	ff029_04.txt
0.00015147 	6601.00000000 	6601.00 	7886.00 	0.41 	 306629.00	59.92	62.90	321395.00	ff030_00.txt
0.00015147 	6601.00000000 	6601.00 	7869.00 	0.43 	 304777.00	59.86	63.09	320533.00	ff030_01.txt
0.00015147 	6601.00000000 	6601.00 	7884.00 	0.46 	 292887.00	57.77	60.73	307004.00	ff030_02.txt
0.00015147 	6601.00000000 	6601.00 	7886.00 	0.43 	 289620.00	58.74	61.67	304961.00	ff030_03.txt
0.00015147 	6601.00000000 	6601.00 	7880.00 	0.43 	 300573.00	57.68	60.28	312573.00	ff030_04.txt
0.00010121 	9879.00000000 	9879.00 	11278.00 	0.46 	 290413.00	58.89	61.64	303554.00	ff031_00.txt
0.00010121 	9879.00000000 	9879.00 	11246.00 	0.51 	 282168.00	58.18	60.26	291365.00	ff031_01.txt
0.00010121 	9879.00000000 	9879.00 	11254.00 	0.56 	 290311.00	58.70	61.78	305718.00	ff031_02.txt
0.00010121 	9879.00000000 	9879.00 	11278.00 	0.43 	 290438.00	58.48	60.84	301237.00	ff031_03.txt
0.00010121 	9879.00000000 	9879.00 	11262.00 	0.51 	 286579.00	58.24	60.99	299536.00	ff031_04.txt
0.00011777 	8490.00000000 	8490.00 	9929.00 	0.48 	 281701.00	58.26	60.66	292569.00	ff032_00.txt
0.00011777 	8490.00000000 	8490.00 	9913.00 	0.50 	 279447.00	58.24	61.01	292541.00	ff032_01.txt
0.00011777 	8490.00000000 	8490.00 	9918.00 	0.44 	 281345.00	59.73	62.89	296079.00	ff032_02.txt
0.00011777 	8490.00000000 	8490.00 	9929.00 	0.63 	 276997.00	58.60	61.57	291595.00	ff032_03.txt
0.00011777 	8490.00000000 	8490.00 	9909.00 	0.54 	 281493.00	57.45	60.08	294405.00	ff032_04.txt
0.00014152 	7065.00000000 	7065.00 	8605.00 	0.54 	 269930.00	58.18	61.01	283502.00	ff033_00.txt
0.00014152 	7065.00000000 	7065.00 	8571.00 	0.52 	 271760.00	59.88	62.57	283256.00	ff033_01.txt
0.00014152 	7065.00000000 	7065.00 	8608.00 	0.50 	 272677.00	58.86	62.13	286969.00	ff033_02.txt
0.00014152 	7065.00000000 	7065.00 	8605.00 	0.54 	 267729.00	60.15	63.16	279547.00	ff033_03.txt
0.00014152 	7065.00000000 	7065.00 	8589.00 	0.43 	 269235.00	57.57	60.46	282904.00	ff033_04.txt
0.00011759 	8503.00000000 	8503.00 	9643.00 	0.55 	 302077.00	59.59	62.31	314732.00	ff034_00.txt
0.00011759 	8503.00000000 	8503.00 	9647.00 	0.50 	 292022.00	59.90	62.67	306484.00	ff034_01.txt
0.00011759 	8503.00000000 	8503.00 	9636.00 	0.44 	 290670.00	60.02	62.75	303283.00	ff034_02.txt
0.00011759 	8503.00000000 	8503.00 	9681.00 	0.39 	 294422.00	59.15	61.73	306189.00	ff034_03.txt
0.00011759 	8503.00000000 	8503.00 	9665.00 	0.52 	 284204.00	58.35	61.05	298044.00	ff034_04.txt
0.00014923 	6700.00000000 	6700.00 	8257.00 	0.44 	 296721.00	59.10	62.15	311807.00	ff035_00.txt
0.00014923 	6700.00000000 	6700.00 	8262.00 	0.48 	 291203.00	57.90	60.73	305300.00	ff035_01.txt
0.00014923 	6700.00000000 	6700.00 	8260.00 	0.57 	 292062.00	57.95	60.73	305472.00	ff035_02.txt
0.00014923 	6700.00000000 	6700.00 	8259.00 	0.45 	 297639.00	60.03	62.86	311073.00	ff035_03.txt
0.00014923 	6700.00000000 	6700.00 	8262.00 	0.44 	 300000.00	58.53	61.14	312445.00	ff035_04.txt
0.00012587 	7944.00000000 	7944.00 	9319.00 	0.40 	 272129.00	59.24	62.37	285553.00	ff036_00.txt
0.00012587 	7944.00000000 	7944.00 	9292.00 	0.50 	 280953.00	59.64	62.89	296007.00	ff036_01.txt
0.00012587 	7944.00000000 	7944.00 	9282.00 	0.50 	 293029.00	60.10	63.48	308562.00	ff036_02.txt
0.00012587 	7944.00000000 	7944.00 	9306.00 	0.54 	 273376.00	58.81	62.13	288241.00	ff036_03.txt
0.00012587 	7944.00000000 	7944.00 	9308.00 	0.44 	 262443.00	57.20	60.84	278714.00	ff036_04.txt
0.00009680 	10330.00000000 	10330.00 	11205.00 	0.44 	 295971.00	58.85	61.31	307077.00	ff037_00.txt
0.00009680 	10330.00000000 	10330.00 	11100.00 	0.45 	 299624.00	59.23	61.81	312026.00	ff037_01.txt
0.00009680 	10330.00000000 	10330.00 	11133.00 	0.38 	 298603.00	60.21	62.69	309633.00	ff037_02.txt
0.00009680 	10330.00000000 	10330.00 	11125.00 	0.46 	 307989.00	59.69	62.34	320928.00	ff037_03.txt
0.00009680 	10330.00000000 	10330.00 	11206.00 	0.49 	 294279.00	58.88	61.71	309463.00	ff037_04.txt
0.00011182 	8942.00000000 	8942.00 	10265.00 	0.55 	 282793.00	58.06	60.61	294842.00	ff038_00.txt
0.00011182 	8942.00000000 	8942.00 	10275.00 	0.40 	 281835.00	58.18	60.63	293407.00	ff038_01.txt
0.00011182 	8942.00000000 	8942.00 	10268.00 	0.57 	 285891.00	60.10	62.59	296759.00	ff038_02.txt
0.00011182 	8942.00000000 	8942.00 	10276.00 	0.46 	 276091.00	58.43	61.36	289467.00	ff038_03.txt
0.00011182 	8942.00000000 	8942.00 	10273.00 	0.50 	 281986.00	58.96	61.86	294529.00	ff038_04.txt
0.00012880 	7763.00000000 	7763.00 	8951.00 	0.48 	 307852.00	60.02	63.31	323608.00	ff039_00.txt
0.00012880 	7763.00000000 	7763.00 	8955.00 	0.41 	 290313.00	57.86	60.90	304469.00	ff039_01.txt
0.00012880 	7763.00000000 	7763.00 	8969.00 	0.48 	 293901.00	58.83	62.06	309612.00	ff039_02.txt
0.00012880 	7763.00000000 	7763.00 	8953.00 	0.46 	 299761.00	59.42	62.46	314738.00	ff039_03.txt
0.00012880 	7763.00000000 	7763.00 	8943.00 	0.50 	 285538.00	58.23	61.37	300345.00	ff039_04.txt
0.00013401 	7461.00000000 	7461.00 	8518.00 	0.54 	 280029.00	59.06	61.24	289957.00	ff040_00.txt
0.00013401 	7461.00000000 	7461.00 	8557.00 	0.59 	 284591.00	58.81	61.14	295839.00	ff040_01.txt
0.00013401 	7461.00000000 	7461.00 	8524.00 	0.45 	 286527.00	59.84	62.27	298530.00	ff040_02.txt
0.00013401 	7461.00000000 	7461.00 	8539.00 	0.57 	 272349.00	59.33	61.59	282296.00	ff040_03.txt
0.00013401 	7461.00000000 	7461.00 	8519.00 	0.49 	 286182.00	59.65	62.11	296991.00	ff040_04.txt
0.00013872 	7208.00000000 	7208.00 	8387.00 	0.57 	 275147.00	57.60	60.29	287617.00	ff041_00.txt
0.00013872 	7208.00000000 	7208.00 	8375.00 	0.54 	 292591.00	58.81	61.20	304155.00	ff041_01.txt
0.00013872 	7208.00000000 	7208.00 	8367.00 	0.52 	 298212.00	59.83	62.24	309753.00	ff041_02.txt
0.00013872 	7208.00000000 	7208.00 	8413.00 	0.45 	 276551.00	57.72	60.54	289246.00	ff041_03.txt
0.00013872 	7208.00000000 	7208.00 	8377.00 	0.43 	 281156.00	58.02	60.45	292650.00	ff041_04.txt
0.00009547 	10473.00000000 	10473.00 	11544.00 	0.50 	 292203.00	59.55	62.47	306262.00	ff042_00.txt
0.00009547 	10473.00000000 	10473.00 	11536.00 	0.54 	 293978.00	59.73	62.24	304844.00	ff042_01.txt
0.00009547 	10473.00000000 	10473.00 	11543.00 	0.43 	 303374.00	59.46	61.98	315705.00	ff042_02.txt
0.00009547 	10473.00000000 	10473.00 	11533.00 	0.41 	 303812.00	59.31	61.83	316685.00	ff042_03.txt
0.00009547 	10473.00000000 	10473.00 	11556.00 	0.51 	 291758.00	59.60	62.40	304433.00	ff042_04.txt
0.00010328 	9681.00000000 	9681.00 	10603.00 	0.54 	 292316.00	59.85	62.54	305148.00	ff043_00.txt
0.00010328 	9681.00000000 	9681.00 	10554.00 	0.60 	 294310.00	59.85	62.25	305816.00	ff043_01.txt
0.00010328 	9681.00000000 	9681.00 	10634.00 	0.56 	 282385.00	58.69	61.22	293990.00	ff043_02.txt
0.00010328 	9681.00000000 	9681.00 	10584.00 	0.55 	 287144.00	58.87	60.88	296086.00	ff043_03.txt
0.00010328 	9681.00000000 	9681.00 	10604.00 	0.51 	 290397.00	59.54	61.63	299576.00	ff043_04.txt
0.00012844 	7785.00000000 	7785.00 	9363.00 	0.51 	 287673.00	58.93	61.50	300130.00	ff044_00.txt
0.00012844 	7785.00000000 	7785.00 	9376.00 	0.43 	 278026.00	58.29	61.14	291844.00	ff044_01.txt
0.00012844 	7785.00000000 	7785.00 	9370.00 	0.57 	 287686.00	58.72	61.30	298748.00	ff044_02.txt
0.00012844 	7785.00000000 	7785.00 	9365.00 	0.49 	 294648.00	58.17	60.85	307854.00	ff044_03.txt
0.00012844 	7785.00000000 	7785.00 	9375.00 	0.40 	 295552.00	59.81	62.30	307299.00	ff044_04.txt
0.00011554 	8654.00000000 	8654.00 	9665.00 	0.52 	 291766.00	58.72	61.21	302646.00	ff045_00.txt
0.00011554 	8654.00000000 	8654.00 	9687.00 	0.56 	 294442.00	59.36	61.73	305098.00	ff045_01.txt
0.00011554 	8654.00000000 	8654.00 	9677.00 	0.46 	 301781.00	59.87	62.36	313348.00	ff045_02.txt
0.00011554 	8654.00000000 	8654.00 	9689.00 	0.52 	 293544.00	59.01	61.74	305946.00	ff045_03.txt
0.00011554 	8654.00000000 	8654.00 	9678.00 	0.52 	 280789.00	57.64	60.09	292295.00	ff045_04.txt
0.00010009 	9990.00000000 	9990.00 	11274.00 	0.57 	 281813.00	58.23	60.40	292261.00	ff046_00.txt
0.00010009 	9990.00000000 	9990.00 	11317.00 	0.50 	 282240.00	58.98	61.60	293883.00	ff046_01.txt
0.00010009 	9990.00000000 	9990.00 	11310.00 	0.55 	 289387.00	60.20	62.82	302229.00	ff046_02.txt
0.00010009 	9990.00000000 	9990.00 	11318.00 	0.51 	 278153.00	57.73	60.25	290427.00	ff046_03.txt
0.00010009 	9990.00000000 	9990.00 	11306.00 	0.38 	 272558.00	57.53	60.66	288695.00	ff046_04.txt
0.00009931 	10068.00000000 	10068.00 	10879.00 	0.54 	 290868.00	59.63	62.11	301662.00	ff047_00.txt
0.00009931 	10068.00000000 	10068.00 	10901.00 	0.51 	 271905.00	57.75	60.10	282066.00	ff047_01.txt
0.00009931 	10068.00000000 	10068.00 	10850.00 	0.48 	 294477.00	59.73	62.18	306416.00	ff047_02.txt
0.00009931 	10068.00000000 	10068.00 	10900.00 	0.44 	 284124.00	60.01	62.45	294278.00	ff047_03.txt
0.00009931 	10068.00000000 	10068.00 	10876.00 	0.51 	 298805.00	59.61	61.84	308713.00	ff047_04.txt
0.00008537 	11713.00000000 	11713.00 	12376.00 	0.44 	 291669.00	57.69	60.14	303717.00	ff048_00.txt
0.00008537 	11713.00000000 	11713.00 	12369.00 	0.56 	 292854.00	58.98	61.38	304300.00	ff048_01.txt
0.00008537 	11713.00000000 	11713.00 	12360.00 	0.39 	 292299.00	58.77	61.51	305970.00	ff048_02.txt
0.00008537 	11713.00000000 	11713.00 	12352.00 	0.44 	 300319.00	58.57	61.28	313779.00	ff048_03.txt
0.00008537 	11713.00000000 	11713.00 	12403.00 	0.45 	 293172.00	59.38	61.82	304040.00	ff048_04.txt
0.00011758 	8504.00000000 	8504.00 	10261.00 	0.49 	 286816.00	58.09	61.30	302581.00	ff049_00.txt
0.00011758 	8504.00000000 	8504.00 	10245.00 	0.57 	 295692.00	58.86	61.56	308347.00	ff049_01.txt
0.00011758 	8504.00000000 	8504.00 	10244.00 	0.44 	 294822.00	58.06	60.70	308610.00	ff049_02.txt
0.00011758 	8504.00000000 	8504.00 	10269.00 	0.49 	 293917.00	57.63	60.27	308447.00	ff049_03.txt
0.00011758 	8504.00000000 	8504.00 	10247.00 	0.60 	 301852.00	58.39	60.75	313961.00	ff049_04.txt
0.00012255 	8159.00000000 	8159.00 	9089.00 	0.44 	 303837.00	60.09	62.67	315578.00	ff050_00.txt
0.00012255 	8159.00000000 	8159.00 	9098.00 	0.59 	 284154.00	57.72	60.29	296597.00	ff050_01.txt
0.00012255 	8159.00000000 	8159.00 	9106.00 	0.49 	 304001.00	60.00	62.19	314991.00	ff050_02.txt
0.00012255 	8159.00000000 	8159.00 	9102.00 	0.51 	 299660.00	60.00	62.67	312730.00	ff050_03.txt
0.00012255 	8159.00000000 	8159.00 	9095.00 	0.50 	 293976.00	59.20	61.78	306799.00	ff050_04.txt
0.00010565 	9464.00000000 	9464.00 	10619.00 	0.51 	 286812.00	57.68	60.12	298364.00	ff051_00.txt
0.00010565 	9464.00000000 	9464.00 	10648.00 	0.56 	 297276.00	58.07	60.15	306771.00	ff051_01.txt
0.00010565 	9464.00000000 	9464.00 	10597.00 	0.45 	 288972.00	57.59	60.12	301772.00	ff051_02.txt
0.00010347 	9664.00000000 	9664.00 	10733.00 	0.50 	 291698.00	59.48	62.17	304774.00	ff051_03.txt
0.00010565 	9464.00000000 	9464.00 	10618.00 	0.51 	 292585.00	59.17	61.55	303905.00	ff051_04.txt
0.00010896 	9177.00000000 	9177.00 	10453.00 	0.56 	 296816.00	59.44	61.92	309556.00	ff052_00.txt
0.00010896 	9177.00000000 	9177.00 	10443.00 	0.48 	 286288.00	58.06	60.69	298682.00	ff052_01.txt
0.00010896 	9177.00000000 	9177.00 	10421.00 	0.54 	 289130.00	59.68	62.18	300890.00	ff052_02.txt
0.00010896 	9177.00000000 	9177.00 	10433.00 	0.51 	 290880.00	59.66	62.10	302404.00	ff052_03.txt
0.00010896 	9177.00000000 	9177.00 	10416.00 	0.50 	 303223.00	60.06	62.38	313338.00	ff052_04.txt
0.00011135 	8980.00000000 	8980.00 	10326.00 	0.49 	 281770.00	58.24	60.84	294196.00	ff053_00.txt
0.00011135 	8980.00000000 	8980.00 	10305.00 	0.44 	 293839.00	59.46	62.26	307092.00	ff053_01.txt
0.00011135 	8980.00000000 	8980.00 	10281.00 	0.51 	 290373.00	58.48	60.97	302550.00	ff053_02.txt
0.00011135 	8980.00000000 	8980.00 	10353.00 	0.50 	 283540.00	57.73	60.06	294387.00	ff053_03.txt
0.00011135 	8980.00000000 	8980.00 	10302.00 	0.41 	 284821.00	58.50	61.35	298202.00	ff053_04.txt
0.00011510 	8687.00000000 	8687.00 	9480.00 	0.54 	 271467.00	58.65	60.87	281296.00	ff054_00.txt
0.00011510 	8687.00000000 	8687.00 	9456.00 	0.62 	 289151.00	60.03	62.25	298358.00	ff054_01.txt
0.00011510 	8687.00000000 	8687.00 	9474.00 	0.45 	 275865.00	58.36	60.59	285769.00	ff054_02.txt
0.00011510 	8687.00000000 	8687.00 	9502.00 	0.49 	 281528.00	59.52	62.05	292962.00	ff054_03.txt
0.00011510 	8687.00000000 	8687.00 	9499.00 	0.62 	 280915.00	59.87	62.74	294075.00	ff054_04.txt
0.00009152 	10925.00000000 	10925.00 	11744.00 	0.57 	 291839.00	58.83	61.17	302672.00	ff055_00.txt
0.00009206 	10861.00000000 	10861.00 	11655.00 	0.52 	 308090.00	59.81	61.90	317993.00	ff055_01.txt
0.00009206 	10861.00000000 	10861.00 	11685.00 	0.52 	 295487.00	59.17	62.02	310159.00	ff055_02.txt
0.00009206 	10861.00000000 	10861.00 	11666.00 	0.57 	 297329.00	58.80	60.86	306560.00	ff055_03.txt
0.00009206 	10861.00000000 	10861.00 	11694.00 	0.52 	 286284.00	57.82	60.18	296763.00	ff055_04.txt
0.00009715 	10292.00000000 	10292.00 	11195.00 	0.45 	 289514.00	58.15	60.75	301890.00	ff056_00.txt
0.00009715 	10292.00000000 	10292.00 	11224.00 	0.48 	 299888.00	59.85	62.84	314639.00	ff056_01.txt
0.00009715 	10292.00000000 	10292.00 	11216.00 	0.50 	 285761.00	58.52	61.28	298711.00	ff056_02.txt
0.00009715 	10292.00000000 	10292.00 	11198.00 	0.41 	 299150.00	59.14	61.86	311642.00	ff056_03.txt
0.00009715 	10292.00000000 	10292.00 	11198.00 	0.49 	 295447.00	58.95	61.79	309393.00	ff056_04.txt
0.00012752 	7841.00000000 	7841.00 	9310.00 	0.43 	 284743.00	57.27	60.23	298136.00	ff057_00.txt
0.00012752 	7841.00000000 	7841.00 	9297.00 	0.51 	 290086.00	57.83	60.77	303469.00	ff057_01.txt
0.00012752 	7841.00000000 	7841.00 	9307.00 	0.40 	 285211.00	56.79	60.13	301597.00	ff057_02.txt
0.00012752 	7841.00000000 	7841.00 	9290.00 	0.44 	 296595.00	59.72	62.89	312195.00	ff057_03.txt
0.00012752 	7841.00000000 	7841.00 	9329.00 	0.50 	 287703.00	57.26	60.09	300815.00	ff057_04.txt
0.00009433 	10600.00000000 	10600.00 	12184.00 	0.60 	 297376.00	57.83	60.12	308210.00	ff058_00.txt
0.00009433 	10600.00000000 	10600.00 	12214.00 	0.50 	 309228.00	59.47	62.23	323077.00	ff058_01.txt
0.00009433 	10600.00000000 	10600.00 	12242.00 	0.45 	 296110.00	58.65	60.85	307325.00	ff058_02.txt
0.00009433 	10600.00000000 	10600.00 	12309.00 	0.52 	 296607.00	57.59	60.23	310726.00	ff058_03.txt
0.00009433 	10600.00000000 	10600.00 	12209.00 	0.41 	 312383.00	59.83	62.35	324839.00	ff058_04.txt
0.00011450 	8733.00000000 	8733.00 	9897.00 	0.41 	 277579.00	59.26	61.44	286786.00	ff059_00.txt
0.00011450 	8733.00000000 	8733.00 	9886.00 	0.57 	 268748.00	58.67	61.32	281086.00	ff059_01.txt
0.00011450 	8733.00000000 	8733.00 	9922.00 	0.73 	 273882.00	59.88	62.42	284634.00	ff059_02.txt
0.00011450 	8733.00000000 	8733.00 	9895.00 	0.46 	 272062.00	59.42	62.06	284107.00	ff059_03.txt
0.00011450 	8733.00000000 	8733.00 	9935.00 	0.49 	 264134.00	57.97	60.83	276644.00	ff059_04.txt
0.00009693 	10316.00000000 	10316.00 	11629.00 	0.48 	 305511.00	57.87	60.30	318276.00	ff060_00.txt
0.00009693 	10316.00000000 	10316.00 	11613.00 	0.46 	 308698.00	59.21	61.51	320131.00	ff060_01.txt
0.00009693 	10316.00000000 	10316.00 	11632.00 	0.50 	 305214.00	58.41	60.76	317328.00	ff060_02.txt
0.00009693 	10316.00000000 	10316.00 	11634.00 	0.49 	 296125.00	58.44	61.06	309210.00	ff060_03.txt
0.00009693 	10316.00000000 	10316.00 	11609.00 	0.51 	 310231.00	60.19	62.83	324064.00	ff060_04.txt
0.00008578 	11657.00000000 	11657.00 	12687.00 	0.55 	 288874.00	58.10	60.41	299735.00	ff061_00.txt
0.00008578 	11657.00000000 	11657.00 	12726.00 	0.45 	 295174.00	58.87	61.02	305134.00	ff061_01.txt
0.00008578 	11657.00000000 	11657.00 	12682.00 	0.50 	 307136.00	58.42	60.72	317883.00	ff061_02.txt
0.00008578 	11657.00000000 	11657.00 	12667.00 	0.51 	 292081.00	58.58	61.01	303637.00	ff061_03.txt
0.00008578 	11657.00000000 	11657.00 	12680.00 	0.41 	 302522.00	58.46	60.63	313149.00	ff061_04.txt
0.00010054 	9945.00000000 	9945.00 	10976.00 	0.34 	 299974.00	59.63	62.03	311989.00	ff062_00.txt
0.00010054 	9945.00000000 	9945.00 	11014.00 	0.52 	 290812.00	59.18	61.61	302150.00	ff062_01.txt
0.00010054 	9945.00000000 	9945.00 	10972.00 	0.55 	 289221.00	58.73	60.95	299858.00	ff062_02.txt
0.00010054 	9945.00000000 	9945.00 	11003.00 	0.51 	 294610.00	59.53	61.90	305508.00	ff062_03.txt
0.00010054 	9945.00000000 	9945.00 	10976.00 	0.55 	 286349.00	59.69	62.47	300074.00	ff062_04.txt
0.00009978 	10021.00000000 	10021.00 	11040.00 	0.49 	 295564.00	59.96	62.65	309467.00	ff063_00.txt
0.00009978 	10021.00000000 	10021.00 	11086.00 	0.50 	 295488.00	59.31	61.43	306132.00	ff063_01.txt
0.00009978 	10021.00000000 	10021.00 	11091.00 	0.35 	 283532.00	57.91	60.07	293449.00	ff063_02.txt
0.00009978 	10021.00000000 	10021.00 	11047.00 	0.48 	 308713.00	59.73	62.11	320308.00	ff063_03.txt
0.00009978 	10021.00000000 	10021.00 	11091.00 	0.45 	 296628.00	59.07	61.54	308875.00	ff063_04.txt
0.00009283 	10771.00000000 	10771.00 	11977.00 	0.54 	 296274.00	60.09	62.23	306162.00	ff064_00.txt
0.00009283 	10771.00000000 	10771.00 	12013.00 	0.49 	 291408.00	58.57	60.85	301507.00	ff064_01.txt
0.00009396 	10642.00000000 	10642.00 	11879.00 	0.55 	 298151.00	59.00	61.16	308934.00	ff064_02.txt
0.00009396 	10642.00000000 	10642.00 	11848.00 	0.57 	 298077.00	60.15	62.31	308465.00	ff064_03.txt
0.00009396 	10642.00000000 	10642.00 	11874.00 	0.48 	 301432.00	59.60	60.93	308164.00	ff064_04.txt
0.00010382 	9631.00000000 	9631.00 	10984.00 	0.54 	 278733.00	58.07	60.24	287943.00	ff065_00.txt
0.00010382 	9631.00000000 	9631.00 	10935.00 	0.54 	 277494.00	58.38	60.79	288310.00	ff065_01.txt
0.00010382 	9631.00000000 	9631.00 	10957.00 	0.48 	 286528.00	59.41	61.97	297552.00	ff065_02.txt
0.00010382 	9631.00000000 	9631.00 	10965.00 	0.56 	 278837.00	59.93	62.85	292652.00	ff065_03.txt
0.00010382 	9631.00000000 	9631.00 	10981.00 	0.54 	 285909.00	59.61	62.08	297385.00	ff065_04.txt
0.00008329 	12005.00000000 	12005.00 	12807.00 	0.51 	 294494.00	59.25	61.79	306721.00	ff066_00.txt
0.00008329 	12005.00000000 	12005.00 	12789.00 	0.46 	 292510.00	58.06	60.54	304394.00	ff066_01.txt
0.00008329 	12005.00000000 	12005.00 	12808.00 	0.44 	 280420.00	57.95	60.44	292693.00	ff066_02.txt
0.00008329 	12005.00000000 	12005.00 	12897.00 	0.49 	 280038.00	59.99	60.21	280960.00	ff066_03.txt
0.00008329 	12005.00000000 	12005.00 	12834.00 	0.46 	 275348.00	57.87	60.23	285519.00	ff066_04.txt
0.00009459 	10571.00000000 	10571.00 	11285.00 	0.51 	 274434.00	59.27	62.17	288287.00	ff067_00.txt
0.00009459 	10571.00000000 	10571.00 	11249.00 	0.40 	 274504.00	58.70	60.98	284405.00	ff067_01.txt
0.00009459 	10571.00000000 	10571.00 	11311.00 	0.39 	 280373.00	59.43	61.75	290977.00	ff067_02.txt
0.00009459 	10571.00000000 	10571.00 	11289.00 	0.46 	 278421.00	59.07	61.70	289506.00	ff067_03.txt
0.00009459 	10571.00000000 	10571.00 	11294.00 	0.51 	 278655.00	59.28	61.67	289196.00	ff067_04.txt
0.00008335 	11996.00000000 	11996.00 	13166.00 	0.49 	 298643.00	58.80	61.21	309762.00	ff068_00.txt
0.00008335 	11996.00000000 	11996.00 	13134.00 	0.51 	 297550.00	58.91	61.03	307472.00	ff068_01.txt
0.00008335 	11996.00000000 	11996.00 	13149.00 	0.52 	 300807.00	59.53	61.71	310712.00	ff068_02.txt
0.00008335 	11996.00000000 	11996.00 	13213.00 	0.50 	 288851.00	58.29	60.44	298745.00	ff068_03.txt
0.00008335 	11996.00000000 	11996.00 	13137.00 	0.52 	 292127.00	59.05	61.18	301952.00	ff068_04.txt
0.00008819 	11338.00000000 	11338.00 	11970.00 	0.46 	 298689.00	58.48	60.58	308581.00	ff069_00.txt
0.00008819 	11338.00000000 	11338.00 	11951.00 	0.45 	 308376.00	59.76	61.62	316942.00	ff069_01.txt
0.00008819 	11338.00000000 	11338.00 	11982.00 	0.55 	 302859.00	59.84	62.14	314188.00	ff069_02.txt
0.00008819 	11338.00000000 	11338.00 	11960.00 	0.45 	 297251.00	58.87	61.00	307754.00	ff069_03.txt
0.00008819 	11338.00000000 	11338.00 	11955.00 	0.52 	 296702.00	58.55	60.66	306603.00	ff069_04.txt
