ff000	28	82	 2	  1000		4362	  7937		3338391	 12105
ff001	28	82	 6	  1000		3878	  6319		3270078	  9851
ff002	28	82	 6	  1000		4551	  6409		3843176	  8291
ff003	28	82	 4	  1000		6959	  9068		6450424	 10465
ff004	28	82	 2	  1000		4359	  7121		2570323	 10130
ff005	28	82	 6	  1000		6338	  7956		5483379	  9185
ff006	28	82	 4	  1000		5312	  7403		3709063	  9446
ff007	28	82	 5	  1000		5201	  7976		4201977	 10575
ff008	28	82	 2	  1000		4860	  9008		4597016	 14252
ff009	28	82	 3	  1000		5118	  8291		3602312	 11682
ff010	28	82	 6	  1000		8354	  9633		5408561	  8522
ff011	28	82	 4	  1000		6897	  8822		3544607	  8647
ff012	28	82	 8	  1000		7800	  8752		4553835	  7854
ff013	28	82	 5	  1000		6935	  8582		4651164	  8748
ff014	28	82	 7	  1000		4899	  7635		5121177	 10516
ff015	28	82	 9	  1000		7243	  8380		3615868	  8219
ff016	28	82	 5	  1000		5639	  7115		3219065	  8320
ff017	28	82	 6	  1000		8880	 10545		3653168	  8739
ff018	28	82	 4	  1000		3267	  6105		2390174	  8837
ff019	28	82	 6	  1000		6425	  8083		4761861	  8785
ff020	28	82	 9	  1000		7166	  8449		5451555	  8844
ff021	28	82	 8	  1000		7234	  8934		5831321	  8633
ff022	28	82	 8	  1000		7073	  8560		5344616	  8987
ff023	28	82	 7	  1000		5377	  7472		6345764	  9516
ff024	28	82	 8	  1000		7086	  9314		5548274	  9883
ff025	28	82	 9	  1000		7458	  8780		6367401	  8561
ff026	28	82	10	  1000		9139	 10440		4652318	  7239
ff027	28	82	 8	  1000		7664	  9940		9096564	  9734
ff028	28	82	 6	  1000		6014	  8291		5395270	  9514
ff029	28	82	 7	  1000		5339	  7922		5862973	 10145
ff030	28	82	 9	  1000		6601	  7829		3799434	  9154
ff031	28	82	10	  1000		9879	 11115		5165200	  7062
ff032	28	82	 8	  1000		8490	  9815		5686117	  9136
ff033	28	82	11	  1000		7065	  8488		8315283	  9475
ff034	28	82	12	  1000		8503	  9509		4785573	  8013
ff035	28	82	 9	  1000		6700	  8184		4162321	  8386
ff036	28	82	10	  1000		7944	  9152		4997812	  8231
ff037	28	82	13	  1000	  10330	 10949		3544264	  5870
ff038	28	82	 9	  1000		8942	 10173		4714188	  7185
ff039	28	82	 9	  1000		7763	  8816		5021883	  8081
ff040	28	82	10	  1000		7461	  8425		5694026	  7836
ff041	28	82	11	  1000		7208	  8241		4987485	  7498
ff042	28	82	14	  1000	  10473	 11346		4210634	  6340
ff043	28	82	14	  1000		9681	 10396		3087807	  6126
ff044	28	82	 9	  1000		7785	  9276		4520670	  7563
ff045	28	82	10	  1000		8654	  9546		5141223	  8245
ff046	28	82	14	  1000		9990	 11151		4594738	  6837
ff047	28	82	11	  1000	  10068	 10728		2919935	  5535
ff048	28	82	15	  1000	  11713	 12172		2795946	  4396
ff049	28	82	12	  1000		8504	 10139		7442632	  9369
ff050	28	82	12	  1000		8159	  9000		3961612	  9249
ff051	28	82	15	  1000		9464	 10393		4492917	  7110
ff052	28	82	12	  1000		9177	 10325		5371822	  7453
ff053	28	82	12	  1000		8980	 10042		7241595	  9096
ff054	28	82	16	  1000		8687	  9355		4623115	  8003
ff055	28	82	16	  1000	  10861	 11536		3207007	  6202
ff056	28	82	16	  1000	  10292	 10972		2709756	  5386
ff057	28	82	12	  1000		7841	  9136		7110414	  8055
ff058	28	82	15	  1000	  10600	 11915		6192603	  8603
ff059	28	82	14	  1000		8733	  9752		6486102	  8117
ff060	28	82	16	  1000	  10316	 11413		5113891	  7414
ff061	28	82	17	  1000	  11657	 12490		3565870	  6117
ff062	28	82	15	  1000		9945	 10783		3621890	  5798
ff063	28	82	17	  1000	  10021	 10916		4122682	  6896
ff064	28	82	14	  1000	  10642	 11518		5160005	  6803
ff065	28	82	15	  1000		9631	 10809		4775823	  6479
ff066	28	82	14	  1000	  12005	 12668		4385761	  5538
ff067	28	82	16	  1000	  10571	 11024		2615906	  4676
ff068	28	82	18	  1000	  11996	 12857		6328947	  7143
ff069	28	82	18	  1000	  11338	 11802		1791444	  5011
